JD	mag	mag_err
2458217.99108	14.092487	0.011581004
2458218.01388	14.055159	0.011571759
2458218.98907	14.056444	0.011572068
2458219.01306	14.041443	0.01156851
2458220.00531	14.036989	0.0115674725
2458244.98394	14.021456	0.010696053
2458244.98487	14.035533	0.011567135
2458246.94694	14.038743	0.01156788
2458246.94786	14.031098	0.010702539
2458247.96542	14.035783	0.011567193
2458247.96633	14.020057	0.010695115
2458249.9503	14.013907	0.010691004
2458249.95077	14.035473	0.011567121
2458249.96598	14.006823	0.010686286
2458249.96647	14.014855	0.011562435
2458254.96393	14.041478	0.011568518
2458254.98724	14.037628	0.010706953
2458255.96407	14.037142	0.011567508
2458255.96499	14.050157	0.010715474
2458256.92394	14.033318	0.010704036
2458256.9662	14.024369	0.010698008
2458256.96712	14.041882	0.011568612
2458257.92203	14.038093	0.0107072685
2458257.92252	14.040719	0.011568341
2458257.96864	14.043232	0.010710756
2458257.97007	14.026596	0.011565083
2458258.95391	14.026973	0.010699758
2458258.95482	14.040581	0.011568309
2458263.87762	14.05844	0.010721147
2458263.92285	14.049889	0.011570501
2458266.85825	14.051117	0.011570794
2458266.88265	14.045645	0.010712397
2458268.95172	14.037504	0.010706869
2458268.95314	14.04293	0.011568857
2458269.92433	14.04618	0.011569623
2458269.92524	14.039929	0.010708513
2458270.9261	14.033	0.010703822
2458270.92706	14.064949	0.011574127
2458271.948	14.052459	0.010717048
2458271.9489	14.062549	0.011573543
2458272.96366	14.0653305	0.0107258875
2458272.96457	14.057084	0.011572221
2458273.92418	14.052986	0.011571239
2458273.92514	14.046541	0.010713008
2458274.96763	14.029003	0.011565631
2458274.97142	14.035443	0.010705474
2458275.92713	14.057146	0.011572235
2458276.9514	14.064969	0.0115741305
2458276.96676	14.047992	0.010713997
2458277.93114	14.035583	0.010705568
2458277.93163	14.038349	0.011567788
2458278.96721	14.038886	0.011567913
2458278.96944	14.044766	0.010711799
2458279.92948	14.054956	0.010718757
2458279.92996	14.051178	0.011570807
2458280.87035	14.077419	0.010734256
2458280.96843	14.082221	0.0115784025
2458281.96929	14.042602	0.011568782
2458281.96977	14.058911	0.01072147
2458282.96886	14.034435	0.010704791
2458282.96935	14.035515	0.011567131
2458283.88687	14.045278	0.010712148
2458283.88778	14.052688	0.011571168
2458285.9073	14.05966	0.010721984
2458285.90821	14.053356	0.011571327
2458286.97566	14.034325	0.010704718
2458286.97657	14.029796	0.011565814
2458287.9655	14.044729	0.010711774
2458287.96597	14.053209	0.011571293
2458288.95512	14.06859	0.011575016
2458288.97305	14.051494	0.010716388
2458289.95266	14.047113	0.011569845
2458289.97717	14.048058	0.010714043
2458290.97229	14.03766	0.011567628
2458290.97611	14.030548	0.010702167
2458291.97166	14.036661	0.010706298
2458291.97262	14.051353	0.01157085
2458292.96975	14.048689	0.011570216
2458292.97066	14.063679	0.0107247485
2458293.97274	14.072514	0.010730852
2458293.9746	14.064578	0.0115740355
2458294.96955	14.073169	0.011576145
2458294.97235	14.050618	0.01071579
2458296.84424	14.061616	0.011573315
2458296.86514	14.057709	0.010720644
2458297.93609	14.06214	0.011573443
2458298.92274	14.023323	0.011564339
2458298.94634	14.043616	0.010711017
2458299.91444	14.043173	0.010710716
2458299.92831	14.031049	0.011566101
2458300.92841	14.044042	0.010711307
2458300.9326	14.048424	0.011570154
2458301.94985	14.055959	0.010719445
2458301.95032	14.0296755	0.011565786
2458303.86006	14.017411	0.011563007
2458303.97823	14.032963	0.0107037965
2458304.88327	14.050365	0.010715617
2458304.90005	14.041377	0.011568495
2458305.90369	14.047797	0.010713864
2458305.9046	14.073216	0.011576157
2458307.91071	14.021768	0.010696262
2458307.91167	14.025706	0.011564879
2458310.92493	14.059283	0.011572751
2458310.92584	14.0908375	0.010743621
2458312.92804	14.048611	0.010714418
2458312.92896	14.043552	0.0115690045
2458313.91408	14.038618	0.0115678515
2458314.93549	14.042167	0.01156868
2458316.94767	14.036888	0.011567449
2458316.94859	14.042508	0.010710265
2458318.86249	14.066303	0.011574457
2458319.95784	14.043837	0.010711167
2458319.95874	14.04875	0.011570231
2458320.88772	13.996472	0.010679432
2458320.88915	14.0762825	0.011576917
2458321.96724	14.063097	0.011573675
2458321.96771	14.052382	0.010716995
2458322.90468	14.096922	0.011582143
2458322.90516	14.069812	0.010728982
2458323.97571	14.06001	0.011572926
2458323.97757	14.0353155	0.010705388
2458324.97414	14.05173	0.010716549
2458324.97505	14.039421	0.011568037
2458325.97296	14.043877	0.011569082
2458325.97387	14.067243	0.010727208
2458326.91435	14.060129	0.010722307
2458326.91526	14.075849	0.011576809
2458327.90134	14.061286	0.0115732355
2458327.90367	14.074523	0.010732246
2458328.8798	14.039235	0.011567995
2458328.90668	14.020695	0.010695543
2458329.86356	14.057068	0.010720205
2458329.86498	14.056578	0.011572099
2458330.88297	14.107007	0.011584765
2458330.90268	14.061678	0.010723372
2458332.84085	14.06532	0.011574216
2458332.90165	14.03425	0.010704666
2458333.82477	14.061002	0.0115731675
2458333.83876	14.031455	0.0107027795
2458334.861	14.0477085	0.011569985
2458334.86241	14.068948	0.010728384
2458335.85788	14.072657	0.01073095
2458336.84653	14.02126	0.010695922
2458336.84748	14.03375	0.011566724
2458337.84564	14.053467	0.0107177375
2458337.84706	14.054894	0.011571695
2458338.84116	14.06108	0.011573186
2458338.84398	14.080542	0.010736428
2458340.8889	14.027762	0.011565348
2458342.84334	14.070076	0.010729165
2458342.84383	14.065722	0.011574315
2458343.84755	14.07647	0.011576964
2458343.86398	14.114683	0.010760467
2458344.93186	14.02688	0.011565147
2458344.93374	14.035485	0.010705504
2458345.83927	14.038466	0.011567816
2458345.86103	14.024261	0.010697936
2458346.89069	14.080907	0.011578072
2458346.8921	14.057597	0.010720568
2458347.90932	14.078621	0.010735092
2458347.91075	14.100961	0.011583188
2458349.8252	14.054673	0.011571643
2458349.8266	14.045002	0.0107119605
2458350.88977	14.099878	0.011582906
2458350.89068	14.059294	0.010721733
2458351.88262	14.095974	0.0115819
2458351.88311	14.0838	0.0107387
2458352.8246	14.09485	0.010746437
2458352.82555	14.069331	0.0115752
2458353.91276	14.048985	0.011570287
2458353.93662	14.039757	0.010708396
2458353.97129	14.034016	0.011566784
2458353.9722	14.027148	0.010699877
2458354.7775499998	14.050778	0.011570713
2458354.81917	14.056153	0.010719578
2458354.89121	14.078352	0.011577433
2458354.92784	14.065244	0.010725827
2458355.8174	14.075953	0.011576835
2458355.84055	14.080347	0.010736292
2458355.93365	14.1066065	0.0107547315
2458355.93516	14.108918	0.011585266
2458356.8388	14.115212	0.01158693
2458356.88032	14.116593	0.010761828
2458356.96576	14.07169	0.0107302815
2458356.96668	14.091002	0.011580626
2458357.72217	14.092359	0.010744688
2458357.72265	14.0904045	0.011580473
2458357.88168	14.072006	0.011575858
2458357.9148	14.065858	0.010726252
2458358.77875	14.056994	0.0115722
2458358.91042	14.061177	0.010723027
2458359.86303	14.079747	0.011577781
2458359.88126	14.087944	0.010741595
2458360.8078	14.110056	0.011585566
2458360.83839	14.102671	0.010751948
2458361.78008	14.0917635	0.011580818
2458361.80321	14.092347	0.01074468
2458362.82226	14.042727	0.010710413
2458362.82318	14.040976	0.0115684
2458363.78403	14.069382	0.010728684
2458363.78502	14.065027	0.0115741445
2458364.80752	14.101966	0.011583449
2458364.80844	14.087625	0.010741371
2458365.84471	14.078309	0.011577423
2458365.84617	14.098549	0.01074904
2458366.83535	14.049111	0.011570317
2458366.83626	14.047663	0.010713773
2458367.83493	14.045734	0.011569518
2458367.8364	14.055909	0.01071941
2458368.79292	14.085274	0.011579172
2458368.80411	14.093798	0.010745699
2458369.87679	14.095268	0.011581717
2458369.88659	14.110353	0.010757389
2458370.78973	14.075694	0.011576772
2458370.80143	14.055092	0.010718851
2458371.81014	14.035664	0.011567165
2458371.81106	14.034938	0.010705132
2458372.86702	14.079786	0.010735902
2458373.79003	14.089815	0.011580323
2458373.8062	14.095805	0.01074711
2458374.82937	14.055885	0.010719393
2458374.83216	14.060813	0.011573121
2458375.85204	14.014572	0.011562373
2458375.86566	14.026437	0.010699398
2458376.8535	14.046519	0.011569703
2458376.87076	14.058542	0.010721217
2458377.79246	14.0982	0.011582471
2458377.79293	14.096654	0.0107477065
2458378.78571	14.087717	0.01157979
2458378.78711	14.081301	0.010736957
2458379.8045	14.03783	0.01070709
2458379.80542	14.0396185	0.011568084
2458380.8266	14.072184	0.011575902
2458380.82802	14.076286	0.010733468
2458382.82559	14.084569	0.011578993
2458382.84944	14.091513	0.010744095
2458383.80655	14.047242	0.011569874
2458383.80703	14.036001	0.010705851
2458384.70272	14.024296	0.010697959
2458384.70364	14.026264	0.011565006
2458385.74251	14.066753	0.011574567
2458385.76938	14.074686	0.010732358
2458386.77646	14.087233	0.010741097
2458386.7779	14.085143	0.011579139
2458387.92896	14.029787	0.0107016545
2458387.92986	14.03037	0.011565945
2458388.74692	14.031798	0.011566273
2458388.75732	14.032033	0.01070317
2458389.75593	14.050424	0.010715657
2458389.80352	14.066971	0.01157462
2458390.69487	14.092072	0.010744487
2458390.69582	14.0821905	0.011578395
2458400.69408	14.073421	0.011576207
2458400.71739	14.086978	0.010740919
2458423.63944	14.012651	0.011561945
2458425.62575	14.085051	0.011579116
2458428.62303	14.015147	0.011562501
2458428.62395	14.023384	0.010697347
2458429.64244	14.06433	0.011573976
2458429.64341	14.070122	0.0107291965
2458430.68924	14.057661	0.011572361
2458430.6901599998	14.075967	0.010733247
2458431.67923	14.041181	0.0115684485
2458431.67971	14.031172	0.010702588
2458433.62337	14.05048	0.011570642
2458434.68455	14.087257	0.011579673
2458434.70842	14.070073	0.010729162
2458435.62716	14.053646	0.011571397
2458435.76404	14.039345	0.010708117
2458436.62196	14.010599	0.011561491
2458437.76117	14.049777	0.0107152155
2458437.76209	14.1002	0.01158299
2458439.71203	14.01571	0.011562626
2458439.71249	14.063465	0.0115737645
2458439.71296	14.034983	0.010705163
2458439.71342	13.992163	0.010676591
2458439.72159	14.069811	0.011575317
2458439.72205	14.023075	0.011564283
2458439.72252	14.003036	0.010683773
2458439.72298	14.019962	0.010695051
2458439.73117	14.04589	0.011569556
2458439.73229	14.028932	0.010701078
2458441.71173	14.093362	0.011581228
2458441.71218	14.091207	0.011580678
2458441.71355	14.088823	0.010742211
2458441.71401	14.074413	0.010732168
2458441.72149	14.09595	0.011581893
2458441.72195	14.088517	0.011579993
2458441.72331	14.06583	0.010726233
2458441.72377	14.074763	0.010732411
2458441.73286	14.071873	0.010730408
2458441.78601	14.109233	0.010756594
2458441.78792	14.102171	0.011583502
2458442.76599	14.103464	0.010752508
2458442.7669	14.119565	0.011588091
2458447.84764	14.020518	0.010695424
2458449.72222	14.037966	0.010707181
2458449.72613	14.033341	0.010704053
2458449.73197	14.032578	0.010703538
2458449.73467	14.050972	0.011570759
2458449.73728	14.038569	0.011567839
2458449.73775	14.062252	0.010723766
2458449.73824	14.037355	0.011567558
2458449.74444	14.04638	0.01156967
2458449.74493	14.031663	0.010702919
2458449.74694	14.057426	0.011572304
2458450.73952	14.095512	0.010746904
2458450.73998	14.096222	0.010747402
2458451.71498	14.096796	0.01158211
2458451.71653	14.102503	0.0107518295
2458451.71762	14.089926	0.010742983
2458451.71958	14.104701	0.011584161
2458451.73209	14.091406	0.010744019
2458451.73671	14.086032	0.011579363
2458451.74112	14.098192	0.01074879
2458451.74157	14.084988	0.010739528
2458451.74598	14.100787	0.011583143
2458451.74645	14.095286	0.011581722
2458456.63593	14.072184	0.010730623
2458457.65971	14.044346	0.010711513
2458457.66063	14.03743	0.011567575
2458468.59295	14.096436	0.011582017
2458468.5934	14.087127	0.01157964
2458468.59387	14.095878	0.011581874
2458468.59432	14.10919	0.011585338
2458468.59478	14.108705	0.0115852095
2458468.59523	14.103806	0.011583928
2458468.5957	14.101742	0.01158339
2458468.59615	14.104391	0.01158408
2458468.5966	14.098299	0.011582498
2458468.59706	14.101903	0.011583432
2458468.59751	14.099606	0.011582836
2458468.59796	14.115871	0.011587105
2458468.59843	14.109372	0.011585386
2458468.59888	14.105908	0.011584477
2458468.59934	14.110413	0.011585659
2458468.5998	14.097864	0.011582388
2458468.60026	14.110755	0.01158575
2458468.60071	14.1080675	0.011585042
2458468.60117	14.10511	0.011584268
2458468.60162	14.107196	0.011584813
2458468.60208	14.090745	0.01158056
2458468.60254	14.106067	0.011584518
2458468.603	14.139373	0.011593482
2458468.60345	14.120771	0.011588414
2458468.60391	14.119946	0.011588193
2458468.60436	14.119435	0.011588056
2458468.60482	14.111988	0.011586076
2458468.60528	14.111827	0.011586033
2458468.60573	14.1182165	0.011587731
2458468.60619	14.110816	0.011585766
2458468.60664	14.102759	0.011583655
2458468.60711	14.111	0.011585815
2458468.60756	14.108212	0.011585081
2458468.60802	14.095957	0.011581896
2458468.60847	14.114989	0.01158687
2458468.60892	14.116263	0.011587209
2458468.60939	14.115718	0.011587065
2458468.60985	14.104565	0.011584125
2458468.6103	14.109079	0.011585308
2458468.61075	14.077055	0.011577111
2458468.61122	14.106403	0.011584607
2458468.61167	14.1123705	0.011586177
2458468.61213	14.104498	0.011584108
2458468.61258	14.110208	0.011585605
2458468.61304	14.099697	0.01158286
2458468.6135	14.097284	0.011582237
2458468.61395	14.1173115	0.011587489
2458468.61441	14.094928	0.0115816295
2458468.61486	14.120094	0.011588233
2458468.61532	14.11388	0.011586577
2458468.61578	14.096776	0.011582105
2458468.61624	14.114078	0.01158663
2458468.61669	14.131969	0.011591447
2458468.61715	14.13154	0.011591328
2458468.6176	14.125322	0.011589639
2458468.61807	14.117547	0.011587553
2458468.61853	14.115237	0.011586936
2458468.61898	14.093503	0.011581264
2458468.61944	14.1024685	0.01158358
2458468.6199	14.109476	0.0115854135
2458468.62036	14.106626	0.011584664
2458468.62082	14.111777	0.01158602
2458468.62127	14.109784	0.011585494
2458468.62172	14.118847	0.011587898
2458468.62219	14.110915	0.0115857925
2458468.62264	14.107622	0.011584925
2458468.6231	14.101979	0.011583452
2458468.62355	14.097055	0.011582177
2458468.62402	14.092342	0.011580967
2458468.62447	14.118248	0.011587739
2458468.62493	14.111773	0.011586018
2458468.62538	14.111126	0.011585848
2458468.62584	14.126919	0.011590072
2458468.6263	14.104417	0.011584086
2458468.62675	14.111072	0.0115858335
2458468.62721	14.11039	0.011585653
2458468.6276599998	14.094257	0.011581458
2458468.62812	14.09123	0.011580684
2458468.62858	14.103446	0.011583834
2458468.62904	14.123938	0.011589265
2458468.62949	14.110385	0.011585652
2458468.62994	14.104871	0.011584206
2458468.6304	14.106125	0.011584533
2458468.63086	14.10774	0.011584956
2458468.63132	14.103779	0.011583921
2458468.63177	14.110805	0.011585764
2458468.63222	14.12475	0.011589486
2458468.63268	14.105361	0.011584334
2458468.63314	14.099441	0.011582794
2458468.6336	14.093146	0.011581174
2458468.63405	14.111257	0.011585882
2458468.6345100002	14.094251	0.011581456
2458468.63496	14.105287	0.0115843145
2458468.63543	14.105806	0.01158445
2458468.63588	14.098807	0.01158263
2458468.63634	14.113181	0.01158639
2458468.63679	14.111068	0.011585833
2458468.63726	14.10885	0.011585248
2458468.63771	14.108695	0.011585207
2458468.63817	14.11235	0.011586171
2458468.63862	14.093932	0.011581374
2458468.63908	14.1049185	0.011584218
2458468.63954	14.112445	0.011586196
2458468.64	14.106253	0.011584567
2458468.64045	14.10285	0.0115836775
2458468.64091	14.102781	0.01158366
2458468.64136	14.110663	0.011585726
2458468.64182	14.111912	0.011586056
2458468.64228	14.108791	0.011585232
2458468.64273	14.113973	0.011586601
2458468.64319	14.110506	0.0115856845
2458468.64364	14.1093855	0.011585389
2458468.64411	14.108738	0.011585218
2458468.64456	14.107452	0.011584881
2458468.64502	14.109852	0.011585512
2458468.64547	14.104699	0.011584161
2458468.64594	14.106509	0.011584634
2458468.64639	14.127068	0.011590112
2458468.64685	14.11486	0.011586837
2458468.6473	14.106431	0.0115846135
2458468.64776	14.102581	0.011583608
2458468.64822	14.1200485	0.0115882205
2458468.64868	14.104622	0.01158414
2458468.64913	14.112839	0.011586301
2458468.64959	14.113706	0.01158653
2458468.65004	14.117179	0.011587454
2458468.6505	14.100871	0.011583164
2458468.65096	14.101286	0.011583271
2458468.65142	14.09736	0.011582256
2458468.65187	14.10462	0.011584139
2458468.65232	14.110349	0.011585642
2458468.65279	14.10957	0.011585438
2458468.65324	14.10567	0.011584414
2458468.6537	14.100377	0.011583037
2458468.65415	14.095919	0.011581885
2458468.6546	14.115225	0.011586933
2458468.65507	14.1113205	0.011585899
2458468.65552	14.115817	0.011587091
2458468.65598	14.107004	0.011584763
2458468.65643	14.096193	0.0115819555
2458468.6569	14.099128	0.011582713
2458468.65735	14.104887	0.01158421
2458468.65781	14.10353	0.011583855
2458468.65826	14.101685	0.011583376
2458468.65872	14.10615	0.01158454
2458468.65919	14.095032	0.0115816565
2458468.65964	14.111511	0.011585951
2458468.6601	14.094362	0.011581485
2458468.66055	14.109879	0.011585519
2458468.661	14.09274	0.011581069
2458468.66147	14.099239	0.0115827415
2458468.66192	14.09079	0.011580571
2458468.66238	14.11592	0.011587119
2458468.66283	14.100909	0.011583175
2458468.6633	14.105	0.011584239
2458468.66375	14.113455	0.011586463
2458468.66421	14.125825	0.011589776
2458468.66466	14.113846	0.011586567
2458468.66512	14.110176	0.011585597
2458468.66558	14.102454	0.011583576
2458468.66604	14.097192	0.0115822125
2458468.66649	14.129893	0.011590879
2458468.66695	14.106509	0.011584634
2458468.6674	14.106864	0.011584727
2458468.66787	14.090481	0.011580492
2458468.66832	14.120604	0.0115883695
2458468.66878	14.1326685	0.011591638
2458468.66924	14.109956	0.011585539
2458468.66971	14.122779	0.011588953
2458468.67016	14.10561	0.011584398
2458468.67062	14.102047	0.01158347
2458468.67107	14.118806	0.011587888
2458468.67152	14.1177	0.011587592
2458468.67199	14.10764	0.01158493
2458468.67244	14.08959	0.011580266
2458468.6729	14.10183	0.011583413
2458468.67335	14.095419	0.011581756
2458468.6738	14.109119	0.011585319
2458468.67427	14.105091	0.011584263
2458468.67472	14.092915	0.0115811145
2458468.67518	14.104658	0.011584151
2458468.67563	14.090139	0.011580405
2458468.6761	14.100558	0.011583083
2458468.67655	14.102657	0.011583629
2458468.67701	14.104326	0.011584063
2458468.67746	14.111238	0.011585877
2458468.67792	14.091097	0.01158065
2458468.67838	14.093214	0.011581192
2458468.67884	14.111955	0.011586066
2458468.67929	14.091823	0.011580835
2458468.67975	14.114385	0.01158671
2458468.6802	14.12723	0.011590156
2458468.68066	14.095403	0.011581752
2458468.68112	14.103128	0.011583751
2458468.68157	14.099705	0.011582862
2458468.68203	14.096905	0.011582139
2458468.68248	14.098615	0.011582579
2458468.68295	14.106772	0.011584704
2458468.6834	14.100756	0.0115831345
2458468.68386	14.095964	0.011581897
2458468.68431	14.102578	0.011583607
2458468.68478	14.105405	0.011584345
2458468.68523	14.111808	0.011586028
2458468.68569	14.103477	0.011583841
2458468.68614	14.092759	0.011581074
2458468.6866	14.095968	0.011581898
2458468.68706	14.107872	0.011584991
2458468.68752	14.093426	0.011581245
2458468.68797	14.118257	0.011587741
2458468.68843	14.097002	0.011582164
2458468.68888	14.077489	0.011577218
2458468.68934	14.098413	0.011582527
2458468.6898	14.089758	0.011580309
2458468.69025	14.099024	0.011582687
2458468.69071	14.107523	0.011584898
2458468.69116	14.086276	0.011579425
2458468.69163	14.096677	0.011582079
2458468.69208	14.093294	0.01158121
2458468.69253	14.097574	0.011582312
2458468.69299	14.111796	0.0115860235
2458468.69344	14.102875	0.011583684
2458468.69391	14.109565	0.011585437
2458468.69436	14.099419	0.011582788
2458468.69482	14.100114	0.011582968
2458468.69527	14.085368	0.011579195
2458468.69572	14.105271	0.01158431
2458468.69619	14.101804	0.0115834065
2458468.69665	14.097388	0.011582264
2458468.6971	14.096337	0.011581993
2458468.69757	14.087791	0.011579809
2458468.69802	14.102843	0.011583677
2458468.69848	14.100785	0.011583142
2458468.69893	14.095483	0.011581773
2458468.69939	14.081883	0.011578318
2458468.69986	14.087773	0.011579804
2458468.70031	14.082364	0.011578437
2458468.70076	14.103797	0.011583926
2458468.70122	14.100123	0.011582971
2458468.70167	14.113896	0.01158658
2458468.70214	14.10006	0.011582955
2458468.70259	14.098301	0.011582498
2458468.70305	14.102865	0.011583681
2458468.7035	14.107646	0.011584932
2458468.70397	14.093605	0.0115812905
2458468.70442	14.1056385	0.011584405
2458468.70488	14.105016	0.011584244
2458468.70533	14.11121	0.01158587
2458468.70579	14.0940895	0.011581414
2458468.70626	14.091403	0.011580728
2458468.70671	14.102891	0.011583689
2458468.70716	14.089838	0.011580329
2458468.70762	14.078685	0.011577517
2458468.70807	14.10033	0.011583025
2458468.70854	14.120465	0.011588332
2458468.70899	14.106751	0.011584698
2458468.70945	14.102193	0.011583507
2458468.7099	14.108412	0.011585134
2458468.71035	14.103185	0.011583766
2458468.71082	14.098543	0.011582561
2458468.71127	14.1108675	0.0115857795
2458468.71173	14.103247	0.011583782
2458468.71218	14.085842	0.011579315
2458468.71265	14.077685	0.011577267
2458468.7131	14.101426	0.011583309
2458468.71356	14.102611	0.011583615
2458468.71401	14.097794	0.011582369
2458468.71447	14.096593	0.011582058
2458468.71493	14.086513	0.011579485
2458468.71539	14.100326	0.011583023
2458468.71584	14.108165	0.011585069
2458468.7163	14.09819	0.01158247
2458468.71675	14.107233	0.011584823
2458468.71722	14.120766	0.011588413
2458468.71767	14.103018	0.011583722
2458468.71813	14.088364	0.011579954
2458468.71858	14.102173	0.011583502
2458468.71905	14.1171	0.011587433
2458468.7195	14.109384	0.011585388
2458468.71996	14.094318	0.011581473
2458468.72041	14.1018715	0.011583424
2458468.72086	14.105774	0.011584441
2458468.72133	14.093309	0.011581214
2458468.72178	14.099887	0.011582909
2458468.72224	14.100774	0.011583139
2458468.72269	14.1001835	0.0115829855
2458468.72315	14.093791	0.011581338
2458468.72361	14.091651	0.011580791
2458468.72407	14.099481	0.011582804
2458468.72452	14.112017	0.011586083
2458468.72498	14.098444	0.011582536
2458468.72543	14.090918	0.011580604
2458468.7259	14.099524	0.011582815
2458468.72635	14.089629	0.011580276
2458468.7268	14.090131	0.011580403
2458468.72726	14.11391	0.011586584
2458468.72771	14.109065	0.0115853045
2458468.72818	14.103748	0.011583913
2458468.72863	14.098548	0.011582563
2458468.72909	14.098752	0.011582616
2458468.72954	14.09061	0.011580525
2458468.73001	14.106556	0.011584647
2458468.73046	14.093937	0.011581375
2458468.73092	14.103237	0.011583779
2458468.73137	14.076188	0.011576895
2458468.73183	14.087379	0.011579704
2458468.73229	14.112417	0.011586189
2458468.73275	14.120605	0.0115883695
2458468.7332	14.116982	0.011587401
2458468.73365	14.084431	0.0115789585
2458468.73411	14.066243	0.011574442
2458468.73457	14.085349	0.01157919
2458468.73503	14.06608	0.011574402
2458468.73549	14.090225	0.011580427
2458468.73594	14.082077	0.011578366
2458468.73641	14.095996	0.011581905
2458468.73686	14.074754	0.011576537
2458468.7373099998	14.104081	0.011583999
2458468.73777	14.095225	0.011581706
2458468.73822	14.07399	0.011576349
2458468.73869	14.103469	0.01158384
2458468.73914	14.099313	0.011582761
2458468.7396	14.075943	0.011576832
2458468.74005	14.088169	0.011579905
2458468.74051	14.097235	0.011582224
2458468.74097	14.09319	0.011581184
2458468.74143	14.079828	0.011577802
2458468.74188	14.090869	0.011580592
2458468.74234	14.087537	0.0115797445
2458468.74279	14.100981	0.011583193
2458468.74326	14.114098	0.011586634
2458468.74371	14.106497	0.011584631
2458468.74417	14.092365	0.011580973
2458468.74462	14.101001	0.011583197
2458468.74509	14.101906	0.011583433
2458468.74554	14.096333	0.011581992
2458468.746	14.08664	0.011579517
2458468.74645	14.098101	0.011582447
2458468.74691	14.097233	0.011582224
2458468.74737	14.101587	0.011583351
2458468.74782	14.08362	0.0115787545
2458468.74828	14.094767	0.0115815895
2458468.74874	14.092456	0.011580997
2458468.74919	14.070258	0.011575427
2458468.74966	14.089439	0.011580227
2458468.75011	14.092139	0.011580915
2458469.6004	14.078028	0.010734678
2458471.63698	14.047584	0.011569955
2458471.63999	14.054244	0.010718269
2458472.60475	14.086957	0.010740904
2458472.61475	14.089824	0.011580326
2458474.6387	14.04539	0.010712225
2458474.64057	14.0563345	0.011572041
2458475.65588	14.074261	0.011576415
2458475.66007	14.051638	0.010716487
2458476.61229	14.110527	0.0107575115
2458476.61325	14.083906	0.010738773
2458476.6142	14.087313	0.010741154
2458476.61516	14.074147	0.010731985
2458476.61612	14.091432	0.010744038
2458476.61707	14.100344	0.010750305
2458476.61803	14.088929	0.010742284
2458476.61899	14.101884	0.010751393
2458476.61994	14.085252	0.010739714
2458476.6209	14.08445	0.010739152
2458476.62281	14.08848	0.01074197
2458476.62376	14.083013	0.010738149
2458476.62472	14.08849	0.010741976
2458476.62568	14.087056	0.010740973
2458476.62663	14.090693	0.010743521
2458476.62759	14.091045	0.010743767
2458476.62854	14.086716	0.0107407365
2458476.6295	14.091211	0.010743883
2458476.63045	14.0965	0.010747598
2458476.63141	14.085602	0.010739958
2458476.63237	14.097178	0.010748075
2458476.63332	14.098023	0.0107486695
2458476.63428	14.094445	0.010746154
2458476.63523	14.092675	0.01074491
2458476.63619	14.092156	0.010744546
2458476.63715	14.094448	0.010746155
2458476.6381	14.101628	0.010751212
2458476.63906	14.087323	0.01074116
2458476.64001	14.088886	0.010742255
2458476.64097	14.091411	0.010744023
2458476.64193	14.087526	0.010741303
2458476.64288	14.088732	0.010742146
2458476.64384	14.092863	0.010745043
2458476.64479	14.105176	0.010753719
2458476.64575	14.097029	0.010747971
2458476.6467	14.095117	0.010746625
2458476.64766	14.095624	0.010746982
2458476.64862	14.091205	0.010743879
2458476.64957	14.106223	0.0107544605
2458476.65053	14.096242	0.010747417
2458476.65148	14.106554	0.010754694
2458476.65244	14.100485	0.0107504055
2458476.6534	14.099543	0.0107497405
2458476.65435	14.100336	0.0107503
2458476.65531	14.090729	0.010743545
2458476.65626	14.095695	0.010747031
2458476.65722	14.094897	0.010746471
2458476.65913	14.094912	0.010746481
2458476.66009	14.086514	0.010740595
2458476.66104	14.101455	0.010751089
2458476.662	14.097011	0.010747958
2458476.66295	14.1026125	0.010751907
2458476.66391	14.092586	0.010744847
2458476.66487	14.105581	0.010754005
2458476.66582	14.130611	0.010771865
2458476.68781	14.128518	0.01077036
2458476.69546	14.093817	0.010745712
2458476.69641	14.104638	0.010753339
2458476.69737	14.107736	0.010755532
2458476.69832	14.097663	0.010748416
2458476.69928	14.09562	0.010746979
2458476.70024	14.09517	0.0107466625
2458476.70119	14.120059	0.0107643
2458476.70215	14.102032	0.010751497
2458476.7031	14.098894	0.010749283
2458476.70406	14.091218	0.010743887
2458476.70501	14.088296	0.010741841
2458476.70597	14.096696	0.010747735
2458476.70693	14.109505	0.010756786
2458476.70788	14.085254	0.010739714
2458476.70884	14.103115	0.010752263
2458476.70979	14.096084	0.010747304
2458476.71075	14.107952	0.010755685
2458476.7117	14.104643	0.010753342
2458476.71266	14.10543	0.010753899
2458476.71362	14.111501	0.010758203
2458476.71457	14.10425	0.010753065
2458476.71553	14.096072	0.010747297
2458476.71648	14.092156	0.010744546
2458476.71744	14.105963	0.010754275
2458476.7184	14.104008	0.010752892
2458476.71935	14.11466	0.01076045
2458476.72031	14.092769	0.010744976
2458476.72126	14.093738	0.010745656
2458476.72222	14.100027	0.010750082
2458476.72317	14.104635	0.010753337
2458476.72413	14.097163	0.010748064
2458476.72509	14.09437	0.010746101
2458476.72604	14.095325	0.010746772
2458476.727	14.095283	0.010746742
2458476.72795	14.095288	0.010746745
2458476.72891	14.097253	0.0107481275
2458476.72986	14.107917	0.01075566
2458476.73082	14.108636	0.010756169
2458476.73178	14.107734	0.010755531
2458476.73273	14.102339	0.010751713
2458476.73369	14.089209	0.010742481
2458476.73464	14.093056	0.010745178
2458476.7356	14.100174	0.010750185
2458476.73656	14.096533	0.010747621
2458476.73751	14.1016245	0.010751209
2458476.73847	14.090586	0.010743445
2458476.73942	14.09743	0.010748253
2458476.74038	14.110368	0.0107574
2458476.74134	14.107043	0.010755042
2458476.74229	14.093065	0.0107451845
2458476.74325	14.095589	0.010746957
2458476.7442	14.09858	0.0107490625
2458476.74516	14.10421	0.0107530365
2458476.74611	14.101608	0.010751199
2458476.74707	14.098122	0.010748739
2458476.74803	14.10107	0.010750817
2458476.74898	14.116254	0.010761585
2458476.74994	14.098819	0.01074923
2458476.75088	14.0878935	0.01074156
2458476.75185	14.106535	0.010754681
2458476.75281	14.101459	0.010751092
2458476.75376	14.093794	0.010745696
2458476.75472	14.103026	0.010752199
2458476.75568	14.098853	0.010749254
2458476.75663	14.1137705	0.0107598165
2458476.75759	14.111454	0.010758171
2458480.70753	14.071102	0.0107298745
2458480.70849	14.065661	0.010726116
2458480.70944	14.07853	0.010735028
2458480.7104	14.069066	0.010728466
2458480.71135	14.072517	0.010730855
2458480.71231	14.083789	0.010738691
2458480.71326	14.084241	0.010739007
2458480.71422	14.054048	0.010718135
2458480.71518	14.083824	0.010738716
2458480.71613	14.066026	0.010726366
2458480.71709	14.076381	0.010733535
2458480.71804	14.10749	0.010755357
2458480.71996	14.112057	0.010758599
2458480.72091	14.047872	0.010713915
2458480.72187	14.072837	0.010731076
2458480.72282	14.077379	0.010734228
2458480.72378	14.099874	0.010749973
2458480.72473	14.102137	0.0107515715
2458480.72569	14.108973	0.010756409
2458480.72665	14.092041	0.010744466
2458480.7276	14.078591	0.010735071
2458480.72856	14.086792	0.01074079
2458480.72951	14.11721	0.010762268
2458480.73047	14.089728	0.010742843
2458480.73142	14.097577	0.010748357
2458480.73238	14.095677	0.010747019
2458480.73334	14.083911	0.010738777
2458480.73429	14.097299	0.010748159
2458480.73525	14.099353	0.010749607
2458480.7362	14.1145735	0.010760388
2458480.73716	14.082175	0.010737566
2458480.73812	14.100179	0.010750189
2458480.73907	14.087216	0.010741086
2458480.74003	14.056132	0.010719564
2458480.7409800002	14.05382	0.010717979
2458480.74194	14.074235	0.0107320445
2458480.7429	14.104856	0.010753492
2458480.74385	14.06734	0.010727274
2458480.74481	14.08252	0.010737807
2458480.74576	14.087612	0.010741363
2458480.74672	14.107432	0.010755316
2458480.74768	14.121202	0.010765118
2458480.74863	14.0837555	0.010738669
2458480.74959	14.102258	0.010751656
2458480.75054	14.099428	0.01074966
2458480.7515	14.071199	0.0107299425
2458480.75246	14.10853	0.010756094
2458480.75341	14.085085	0.010739597
2458480.75437	14.106433	0.010754609
2458480.75533	14.083246	0.010738312
2458480.75628	14.04705	0.010713355
2458480.75915	14.069869	0.010729021
2458480.76011	14.084343	0.010739079
2458480.76106	14.073872	0.010731793
2458480.76202	14.056107	0.010719546
2458486.60454	14.0783	0.010734868
2458490.63559	14.135806	0.010775609
2458490.63606	14.086424	0.011579462
2458494.59071	14.094902	0.010746474
2458494.59163	14.110456	0.0115856705
2458511.61755	14.067222	0.010727192
2458593.94676	14.046557	0.011569712
2458601.99432	14.031564	0.010702852
2458601.99522	14.039668	0.011568095
2458605.94823	14.032627	0.010703571
2458605.94914	14.025938	0.011564933
2458607.98824	14.07772	0.011577276
2458607.991	14.050016	0.010715378
2458608.98509	14.030881	0.010702392
2458608.986	14.025438	0.011564818
2458632.97068	14.054778	0.011571667
2458633.93198	14.059463	0.011572794
2458634.83939	14.034796	0.011566964
2458634.92798	14.01317	0.010690511
2458635.90428	14.002459	0.011559702
2458636.90724	14.037107	0.0115674995
2458636.92473	14.055872	0.010719384
2458637.92743	14.063548	0.011573785
2458637.92881	14.0281105	0.010700525
2458638.97054	14.031713	0.011566253
2458638.97284	14.000449	0.010682061
2458639.91169	14.018251	0.010693907
2458639.91365	14.017524	0.011563032
2458640.96999	14.01938	0.010694662
2458640.97137	14.040855	0.011568374
2458641.97295	14.043345	0.010710833
2458643.96614	14.016143	0.011562724
2458643.96752	14.023357	0.010697329
2458644.97132	14.0245	0.011564606
2458644.97317	14.03204	0.0107031735
2458646.97015	14.025216	0.010698577
2458646.97153	14.010053	0.0115613695
2458650.84067	14.034302	0.011566849
2458650.92858	14.023051	0.010697123
2458651.93302	14.019429	0.01156346
2458651.93393	14.025351	0.010698669
2458652.92429	14.022575	0.01156417
2458652.945	14.016208	0.01069254
2458653.95035	14.022582	0.010696809
2458653.95125	14.015794	0.011562645
2458654.95047	14.042293	0.010710118
2458654.95094	14.032998	0.011566549
2458657.92496	14.004108	0.011560062
2458657.92682	14.013079	0.010690451
2458663.93387	14.0400505	0.011568184
2458663.93436	14.03614	0.010705945
2458665.94518	14.013408	0.01069067
2458665.94565	14.019503	0.011563477
2458666.93305	14.029606	0.01156577
2458666.93353	14.018914	0.010694349
2458667.96895	14.048733	0.010714502
2458667.96944	14.039492	0.011568055
2458668.8645	14.033818	0.011566739
2458668.86498	14.028803	0.01070099
2458669.92517	14.00551	0.010685414
2458669.92566	14.012871	0.0115619935
2458670.96641	14.029246	0.010701289
2458670.96688	14.013418	0.0115621155
2458671.92652	14.024652	0.010698197
2458672.9743	14.027153	0.010699879
2458672.9752	14.012789	0.011561976
2458673.95333	13.997417	0.011558608
2458673.95381	14.000236	0.01068192
2458674.97043	14.00875	0.011561082
2458674.97134	14.000479	0.01068208
2458676.97513	14.035936	0.010705807
2458676.97696	14.005165	0.011560294
2458677.80596	14.00603	0.01068576
2458677.80645	14.012843	0.011561987
2458683.92348	14.021378	0.0106959995
2458683.92395	14.009965	0.01156135
2458690.87046	14.029094	0.011565652
2458690.90751	14.004947	0.010685041
2458693.88517	14.055426	0.011571824
2458693.88566	14.049226	0.010714839
2458696.88328	14.051175	0.010716169
2458696.88473	14.042681	0.011568801
2458699.88698	14.0352335	0.010705332
2458702.89565	14.031543	0.010702837
2458703.91525	14.00652	0.01156059
2458705.95762	14.056553	0.010719852
2458706.91658	14.029966	0.011565853
2458708.99395	14.021372	0.010695996
2458711.90655	14.006845	0.010686302
2458714.86928	14.041522	0.010709594
2458715.8709	14.011154	0.011561613
2458717.82174	14.027815	0.01156536
2458717.82265	14.026127	0.010699189
2458717.82355	14.005805	0.010685611
2458719.83384	14.049452	0.011570398
2458719.83474	14.042352	0.011568723
2458719.83521	14.043806	0.0107111465
2458722.82168	14.039786	0.010708417
2458722.82257	14.050927	0.011570749
2458722.82348	14.050448	0.011570634
2458723.88329	14.047544	0.010713692
2458723.88419	14.038586	0.011567843
2458723.8857	14.062307	0.010723804
2458726.81864	14.021153	0.01069585
2458730.89813	14.041336	0.010709467
2458730.91361	14.035584	0.011567147
2458730.91542	14.043456	0.011568981
2458733.88743	14.002172	0.0106832
2458733.88975	13.984288	0.01067142
2458734.87663	14.000468	0.011559268
2458735.88964	14.031701	0.010702944
2458735.89054	14.024529	0.011564612
2458736.90957	14.01474	0.011562409
2458736.91191	14.002382	0.011559685
2458736.92728	13.993677	0.010677588
2458736.92818	14.012699	0.010690196
2458737.82876	13.996184	0.011558342
2458738.66855	13.991431	0.011557321
2458738.67264	13.99356	0.010677512
2458738.7207	13.980193	0.011554946
2458738.72208	13.991114	0.010675901
2458738.7304	13.974401	0.011553741
2458738.73179	13.986457	0.010672842
2458739.66747	14.007138	0.011560726
2458739.67157	13.992207	0.0106766205
2458739.7202	13.989133	0.011556831
2458739.72157	14.007235	0.01068656
2458739.72988	14.010555	0.011561481
2458739.73127	14.013844	0.010690961
2458740.66791	14.085972	0.011579348
2458740.67202	14.034688	0.010704963
2458740.72049	14.04416	0.011569148
2458740.72186	14.031546	0.01070284
2458740.73017	14.034528	0.011566902
2458740.73156	14.046366	0.010712889
2458740.86001	14.0235	0.011564379
2458741.66809	14.047844	0.011570017
2458741.6722	14.037938	0.010707162
2458741.72058	14.026696	0.011565106
2458741.72197	14.02053	0.010695432
2458741.73026	14.001105	0.011559407
2458741.73165	14.015248	0.010691899
2458743.66855	13.97884	0.011554664
2458743.6733	13.97286	0.010663962
2458743.72028	14.000536	0.011559282
2458743.7217	13.979103	0.01066803
2458743.73001	13.976517	0.01155418
2458743.7314	13.976688	0.010666454
2458743.8687	14.022933	0.010697043
2458744.6675	14.033532	0.0115666725
2458744.67234	14.037454	0.0107068345
2458744.72076	14.027055	0.011565188
2458744.72213	14.0487	0.01071448
2458744.73044	14.029734	0.011565799
2458744.73183	14.041861	0.010709824
2458744.87259	14.039706	0.011568105
2458744.87396	14.030553	0.01070217
2458745.6683	14.045585	0.011569483
2458745.67246	14.024539	0.010698122
2458745.72091	14.028274	0.011565465
2458745.7223	14.035988	0.010705842
2458745.73063	14.06199	0.011573407
2458745.732	14.01195	0.010689697
2458745.84743	13.992628	0.011557577
2458745.84927	14.003077	0.0106838
2458746.69263	13.983687	0.011555679
2458746.69694	14.007769	0.010686914
2458746.72496	13.964444	0.0115517005
2458746.72635	13.979126	0.010668045
2458746.73466	13.98599	0.011556165
2458746.73604	13.977441	0.010666945
2458747.66821	13.984021	0.01155575
2458747.6724	13.940382	0.010643052
2458747.71938	13.976833	0.011554246
2458747.72075	13.974503	0.010665031
2458747.72906	13.972137	0.011553274
2458747.73045	13.967953	0.010660775
2458748.66734	14.034798	0.011566964
2458748.67153	13.999567	0.010681476
2458748.72061	14.018023	0.011563144
2458748.722	14.0046625	0.010684852
2458748.73031	14.019532	0.011563483
2458748.73169	14.021922	0.0106963655
2458749.66884	14.043305	0.011568947
2458749.67307	14.020326	0.010695295
2458749.72044	14.043432	0.011568977
2458749.72183	14.047643	0.01071376
2458749.73014	14.024166	0.0115645295
2458749.73153	14.033285	0.010704014
2458750.66913	13.9815645	0.011555233
2458750.67337	13.969359	0.010661688
2458750.72077	13.972622	0.011553373
2458750.72216	13.968235	0.0106609585
2458750.73048	13.973907	0.011553638
2458750.73186	13.970257	0.010662271
2458751.66679	13.968898	0.011552609
2458751.67102	13.947264	0.010647447
2458751.72056	13.960071	0.011550816
2458751.72195	13.958172	0.010654453
2458751.73026	13.948486	0.01154851
2458751.73164	13.954266	0.01065194
2458754.66643	14.006156	0.01156051
2458754.67071	14.006125	0.010685824
2458754.71985	13.982083	0.011555342
2458754.72122	13.984078	0.010671283
2458754.72955	13.982292	0.011555387
2458754.73093	13.991783	0.010676341
2458757.80794	14.009654	0.010688168
2458758.67544	14.023515	0.011564382
2458758.67985	13.996471	0.01067943
2458758.72498	13.982985	0.011555532
2458758.72637	13.990774	0.010675677
2458758.73468	13.998523	0.011558847
2458758.73607	13.991257	0.010675995
2458758.79353	14.001086	0.0115594035
2458758.80758	13.994116	0.010677878
2458759.71068	13.960507	0.011550904
2458759.72424	13.972444	0.011553336
2458759.73394	13.978292	0.0115545485
2458759.78523	13.967944	0.011552413
2458760.66791	13.947723	0.01154836
2458760.67231	13.966318	0.010659715
2458760.72109	13.978839	0.011554663
2458760.72248	13.9749565	0.010665325
2458760.7308	13.971976	0.01155324
2458760.73219	13.991976	0.010676469
2458760.7896	14.000273	0.011559226
2458760.7905	13.991895	0.010676415
2458761.66689	14.016099	0.011562713
2458761.67133	14.009167	0.010687845
2458761.72003	13.999561	0.011559072
2458761.7214099998	14.006481	0.0106860595
2458761.72973	14.015391	0.011562555
2458761.73112	14.006891	0.010686331
2458762.66663	14.017356	0.011562995
2458762.67105	14.004827	0.0106849605
2458762.72157	14.00336	0.011559899
2458762.72296	13.99899	0.0106810955
2458762.73129	13.985875	0.011556141
2458762.73267	13.997143	0.0106798755
2458763.6679	13.988081	0.011556609
2458763.67236	13.955599	0.010652797
2458763.72117	13.974984	0.011553863
2458763.72255	13.976114	0.01066608
2458763.73064	13.969976	0.011552829
2458763.73203	13.969935	0.010662062
2458764.65121	13.9853735	0.011556035
2458764.6526	13.962942	0.010657531
2458764.71752	13.950475	0.011548902
2458764.71842	13.978157	0.010667413
2458764.72434	13.982813	0.011555496
2458764.72524	13.975342	0.010665577
2458765.65266	13.9913225	0.011557299
2458765.65405	14.019168	0.01069452
2458765.71613	14.004003	0.011560039
2458765.71703	14.009087	0.010687791
2458765.72296	14.004596	0.011560169
2458765.72386	14.011395	0.010689328
2458766.65129	14.024711	0.011564653
2458766.65267	14.015495	0.010692063
2458766.71722	14.005066	0.0115602715
2458766.71812	14.02244	0.010696713
2458766.72405	14.016046	0.011562701
2458766.72495	14.026228	0.010699257
2458767.65177	13.996748	0.011558463
2458767.65315	13.991605	0.010676224
2458768.6531	13.975855	0.011554042
2458768.65448	13.981301	0.010669466
2458768.71581	13.970021	0.011552839
2458768.7167	13.971614	0.010663152
2458768.72262	13.96175	0.011551154
2458768.72353	13.970958	0.010662725
2458769.65299	13.991306	0.011557295
2458769.65438	14.002282	0.010683274
2458769.71719	13.996331	0.0115583725
2458769.7181	14.001534	0.010682778
2458769.72402	14.000568	0.011559291
2458769.72493	14.009151	0.010687835
2458770.65306	14.025753	0.01156489
2458770.65445	14.042681	0.010710382
2458770.71617	14.009674	0.011561285
2458770.71708	14.01936	0.010694648
2458770.723	14.036146	0.011567277
2458770.7239	14.024526	0.010698113
2458771.65328	13.997564	0.011558639
2458771.65466	14.0092325	0.010687889
2458771.71721	13.984116	0.0115557695
2458771.71811	13.996398	0.010679383
2458771.72404	13.987185	0.011556419
2458771.72493	14.009972	0.010688379
2458772.65358	13.970743	0.011552988
2458772.65497	13.968678	0.010661245
2458773.65221	13.994927	0.01155807
2458773.6536	13.988073	0.010673903
2458774.6525	14.009754	0.011561303
2458774.65388	14.0264845	0.01069943
2458775.65222	14.030372	0.011565945
2458775.65361	14.022251	0.010696586
2458776.65144	14.001419	0.011559476
2458776.65283	13.977264	0.01066683
2458777.65185	13.968526	0.011552532
2458777.65324	13.986119	0.0106726205
2458778.65203	14.019096	0.011563385
2458778.65342	14.01991	0.010695016
2458779.65183	14.017431	0.011563011
2458779.65321	14.039654	0.0107083265
2458781.65171	13.973446	0.011553545
2458781.6531	13.9791355	0.0106680505
2458782.65079	14.010268	0.011561417
2458782.65218	13.996126	0.010679203
2458783.65198	14.045143	0.011569379
2458783.65337	14.036755	0.010706362
2458785.6516	13.983862	0.011555716
2458785.65299	13.992313	0.01067669
2458786.6585	13.999069	0.011558966
2458786.65987	14.007915	0.010687012
2458787.65084	14.03338	0.011566637
2458787.65222	14.044012	0.010711287
2458788.6517	14.014733	0.011562408
2458788.65309	14.0258465	0.010699
2458789.65206	13.978451	0.011554582
2458789.65345	13.99491	0.010678401
2458789.76565	13.989285	0.010674699
2458790.64127	13.983315	0.0115556
2458790.64265	13.996109	0.010679191
2458790.68124	14.0	0.010681763
2458790.68214	13.972501	0.011553348
2458792.65884	14.051333	0.011570845
2458792.65975	14.008679	0.01068752
2458793.61258	14.014935	0.010691689
2458793.61305	13.991009	0.011557231
2458796.61565	14.044418	0.010711563
2458796.61613	14.02946	0.011565736
2458798.75251	13.992712	0.010676953
2458798.75761	14.009274	0.011561196
2458799.72573	14.03491	0.01156699
2458799.72801	14.024014	0.01069777
2458800.774	14.0153885	0.011562554
2458803.74437	14.02208	0.010696472
2458806.72145	14.006834	0.010686293
2458806.72354	13.95809	0.011550418
2458811.63803	13.955178	0.010652525
2458814.64196	14.00782	0.011560876
2458814.66612	14.009727	0.010688217
2458819.66519	13.987609	0.010673597
2458828.78728	14.026335	0.01069933
2458833.57824	13.98827	0.011556648
2458833.5928	14.009354	0.01068797
2458837.57719	14.004941	0.011560244
2458837.57766	14.019827	0.010694962
2458846.62216	14.0038595	0.011560007
2458846.62306	14.011542	0.010689426
2458850.60287	14.0006895	0.011559317
2458854.65731	14.001207	0.010682561
2458856.63516	14.025012	0.011564721
2458856.63698	14.020462	0.010695387
2458859.6608	14.003279	0.010683934
2458860.63853	14.022996	0.011564265
2458863.59999	13.988926	0.011556787
2458872.62057	14.009658	0.010688171
2458873.59881	14.010957	0.01156157
2458875.61192	14.034058	0.010704537
2458878.63708	14.02326	0.010697263
2458881.62003	14.001619	0.010682834
2458885.63484	14.015763	0.0106922425
2458942.00203	13.942435	0.011547326
2458964.94488	13.990833	0.0115571935
2458968.91613	13.96969	0.011552771
2458971.9037	13.9960785	0.011558319
2458979.95925	13.981391	0.010669525
2458980.9721	13.98219	0.010670047
2458981.95441	13.984807	0.010671761
2458981.95489	13.970358	0.0115529075
2458987.86559	14.0020685	0.011559617
2458987.98039	14.005129	0.010685161
2458992.9317	13.996473	0.011558404
2458996.97533	14.034312	0.011566852
2458996.97626	14.007574	0.010686786
2458999.94525	14.022204	0.011564085
2459010.85221	13.991738	0.010676311
2459010.85314	13.988801	0.011556761
2459013.86127	14.038242	0.010707369
2459013.86616	14.029065	0.011565645
2459016.97173	14.037181	0.01070665
2459016.97267	14.031104	0.011566113
2459022.96773	14.010415	0.011561449
2459022.96918	13.996581	0.010679504
2459028.97036	14.015924	0.011562674
2459028.97179	14.012261	0.010689906
2459031.94361	14.010208	0.010688538
2459031.94505	13.978142	0.011554518
2459034.8859	14.040615	0.010708978
2459034.88919	14.038503	0.0115678245
2459035.86046	14.041727	0.010709734
2459035.87257	13.995424	0.011558178
2459036.8658	14.033388	0.011566639
2459036.88678	14.008183	0.010687189
2459037.94802	14.033519	0.01156667
2459037.94949	14.031402	0.010702743
2459037.98652	14.049079	0.011570309
2459038.8826	14.039	0.010707883
2459038.8884	14.033091	0.011566571
2459039.94317	14.007016	0.0115607
2459039.9446	14.021223	0.010695897
2459040.86015	14.021976	0.011564033
2459040.87484	14.025335	0.011564795
2459040.89543	14.025566	0.010698813
2459041.98775	14.042417	0.010710202
2459042.88617	14.0620365	0.011573418
2459042.96973	14.047454	0.010713631
2459042.98736	14.041312	0.011568479
2459042.98878	14.049281	0.010714876
2459043.88733	14.033605	0.0107042305
2459043.8878	14.018747	0.011563307
2459043.98988	14.033791	0.010704356
2459044.98355	14.037895	0.011567683
2459044.98403	14.023152	0.010697191
2459045.8744	14.036742	0.010706354
2459045.99114	14.038026	0.010707223
2459046.89487	14.036619	0.011567387
2459046.90604	14.0429325	0.010710552
2459046.91598	14.030953	0.011566079
2459046.91744	14.050999	0.010716049
2459048.91653	13.997367	0.010680024
2459049.91073	14.039278	0.010708071
2459049.91216	14.027471	0.011565281
2459050.9679	14.032782	0.0107036745
2459050.98902	14.040891	0.010709166
2459050.99181	14.024333	0.011564568
2459051.88693	14.026974	0.011565168
2459051.90836	14.03656	0.01070623
2459052.8873	14.008622	0.011561054
2459052.91203	14.023341	0.010697317
2459052.91348	14.018995	0.011563363
2459052.91679	14.020422	0.010695361
2459053.95412	14.041937	0.010709876
2459054.87276	14.030376	0.011565947
2459054.89239	14.044601	0.010711688
2459054.91428	14.040521	0.010708914
2459055.86617	14.007424	0.011560788
2459055.94721	14.0221	0.010696486
2459056.886	14.034278	0.010704685
2459056.89585	14.020446	0.0115636885
2459056.89632	14.030699	0.010702268
2459057.94877	14.036227	0.010706005
2459059.94769	14.039818	0.010708438
2459059.94911	14.030582	0.011565994
2459059.9563	14.035698	0.0115671735
2459059.95678	14.026312	0.010699314
2459060.95827	14.0092325	0.010687889
2459061.803	14.0374775	0.011567586
2459061.80954	14.032458	0.010703457
2459062.82981	14.048129	0.011570084
2459062.83262	14.019101	0.010694475
2459062.9735	14.025251	0.011564776
2459062.97585	14.031834	0.010703034
2459063.80465	14.041402	0.011568501
2459063.80557	14.028717	0.010700933
2459064.82756	14.006749	0.011560641
2459064.82897	14.029182	0.010701247
2459065.8611	14.012188	0.011561842
2459065.86157	14.023237	0.010697248
2459065.92603	14.024289	0.010697954
2459065.92841	14.026875	0.011565146
2459066.99816	14.031173	0.010702589
2459068.85893	14.018065	0.011563154
2459068.8725	14.021968	0.011564031
2459068.87344	14.003537	0.010684106
2459068.87986	14.032289	0.010703342
2459069.93463	14.011831	0.010689618
2459069.93653	14.037467	0.011567584
2459071.84514	14.021558	0.01156394
2459071.84562	14.017814	0.010693613
2459071.86615	14.006977	0.010686388
2459071.86662	14.010472	0.011561462
2459073.00636	14.011224	0.010689214
2459075.82627	14.050423	0.011570629
2459075.82675	13.954582	0.010652143
2459076.8475	14.003751	0.010684246
2459076.84797	14.0230665	0.011564281
2459076.86289	13.99141	0.011557317
2459076.86383	14.009444	0.010688029
2459077.95265	14.021027	0.010695766
2459078.80342	13.998844	0.0115589155
2459078.84336	13.996817	0.0106796585
2459078.84383	14.005346	0.011560333
2459078.85429	14.007338	0.0106866285
2459079.86248	13.988982	0.0115567995
2459079.86295	13.995243	0.011558139
2459079.86388	14.027519	0.010700126
2459079.88312	14.012579	0.010690117
2459080.82536	14.009801	0.011561314
2459080.82583	14.017729	0.010693557
2459080.83751	14.007472	0.0115608
2459080.86615	14.014498	0.010691397
2459081.86432	13.9962845	0.011558364
2459081.88457	13.982511	0.010670256
2459081.89255	13.98344	0.010670866
2459081.89398	14.002777	0.01155977
2459082.76619	13.972708	0.011553391
2459082.97495	14.004402	0.010684679
2459084.80092	13.995131	0.0106785465
2459084.80235	13.999404	0.0115590375
2459085.82769	13.980499	0.01155501
2459085.82817	14.011895	0.010689662
2459086.82257	13.980652	0.011555042
2459086.83671	13.982108	0.010669994
2459086.84595	13.982194	0.010670049
2459086.84689	13.991993	0.011557442
2459087.79056	14.006207	0.011560522
2459088.88842	13.998373	0.010680688
2459089.92624	14.02408	0.010697814
2459089.93008	13.992425	0.011557534
2459091.00162	14.001144	0.0106825195
2459093.86324	14.003147	0.011559852
2459093.86466	14.004954	0.010685046
2459094.83446	14.016398	0.0115627805
2459094.83542	14.003287	0.01068394
2459095.89479	14.000638	0.010682185
2459095.89621	13.999825	0.011559129
2459096.79135	13.98838	0.011556671
2459096.80364	14.01826	0.011563197
2459096.80458	14.003285	0.010683939
2459097.8059	14.009694	0.010688195
2459098.84769	14.001645	0.010682852
2459098.84816	14.01096	0.01156157
2459099.8089	13.980511	0.011555012
2459102.91166	13.979969	0.010668595
2459106.84973	13.997107	0.01155854
2459106.86669	14.021967	0.010696395
2459109.74886	14.003056	0.010683787
2459109.74994	13.981867	0.011555296
2459112.69872	13.979339	0.011554767
2459112.85193	14.004259	0.010684584
2459113.7902699998	13.988351	0.011556666
2459115.79788	14.004405	0.010684682
2459115.79836	14.015753	0.011562635
2459115.87089	14.008137	0.010687159
2459115.87184	13.99931	0.011559017
2459118.73967	14.08387	0.011578817
2459118.74014	13.994139	0.010677893
2459118.79587	14.012945	0.01156201
2459118.81833	14.012165	0.010689842
2459122.71111	14.008812	0.011561095
2459122.7288	13.997028	0.010679799
2459123.78846	13.992744	0.011557602
2459123.81195	14.005239	0.010685233
2459124.77071	14.006396	0.011560563
2459124.7711899998	14.0039215	0.01068436
2459125.79455	13.994145	0.011557903
2459125.81501	13.988856	0.010674416
2459126.82746	13.976113	0.011554096
2459129.71895	13.987	0.010673199
2459131.74443	14.016571	0.010692783
2459134.67893	13.983024	0.01155554
2459134.7049	13.977611	0.010667056
2459136.68404	14.008471	0.011561019
2459136.70456	14.002748	0.010683582
2459138.64424	13.987008	0.01155638
2459138.79455	13.992369	0.010676727
2459140.72137	14.011579	0.01068945
2459140.72279	13.997271	0.011558576
2459144.72539	13.9989	0.010681036
2459144.72587	14.029206	0.011565678
2459146.6855	13.984315	0.010671438
2459149.64389	14.009194	0.0106878625
2459149.64626	14.001019	0.011559389
2459151.62058	13.978988	0.011554695
2459151.72895	13.998172	0.010680554
2459153.61689	14.033396	0.011566641
2459153.61878	13.999885	0.010681687
2459155.62252	14.0098095	0.010688271
2459155.62396	14.012258	0.0115618585
2459157.62145	14.027869	0.011565372
2459157.82783	14.028706	0.010700924
2459164.68261	13.978976	0.011554692
2459164.6831	13.980709	0.010669079
2459167.70407	14.02116	0.010695855
2459167.71897	14.017352	0.011562994
2459169.65598	14.005921	0.011560459
2459169.70309	14.01373	0.010690885
2459171.6197	14.048426	0.011570154
2459173.62477	13.997354	0.011558594
2459173.73057	14.00844	0.0106873615
2459178.72456	14.017201	0.010693204
2459180.70043	13.980832	0.01155508
2459181.59724	13.9827175	0.011555476
2459182.60231	13.985709	0.010672351
2459183.5826	14.009627	0.011561275
2459184.61561	14.018762	0.010694248
2459185.65617	13.99293	0.011557642
2459187.65746	13.996309	0.011558368
2459188.759	14.008623	0.010687483
2459192.64103	14.017379	0.011562999
2459193.791	13.976616	0.010666407
2459194.63642	13.99146	0.011557328
2459199.61972	13.981236	0.010669423
2459199.63668	13.9727	0.01155339
2459202.75098	13.993854	0.0106777055
2459204.66188	14.002698	0.01068355
2459204.66281	13.995187	0.011558127
2459205.64431	14.00214	0.011559632
2459210.61596	13.987605	0.011556507
2459215.61872	13.979791	0.010668479
2459215.62062	13.973423	0.010664328
2459218.63752	13.9919195	0.011557426
2459219.67817	13.985336	0.010672107
2459219.67911	13.99189	0.010676411
2459220.61404	13.954994	0.0115498
2459223.6171	14.004059	0.010684451
2459224.64602	13.986779	0.011556333
2459226.62249	14.000937	0.011559371
2459227.65442	14.009332	0.010687955
2459229.61746	13.960282	0.010655815
2459230.61325	13.995701	0.0115582375
2459231.65447	14.0219555	0.010696388
2459232.63629	13.995868	0.011558274
2459322.9864	14.002915	0.011559801
2459325.98312	13.99637	0.011558382
2459352.93016	14.06172	0.011573341
2459354.92404	13.990383	0.0115570985
2459356.88477	14.052799	0.010717281
2459357.96512	14.05919	0.011572728
2459359.92567	14.031196	0.010702604
2459361.9264	14.069215	0.011575171
2459364.95237	14.069554	0.011575254
2459367.90333	14.023457	0.010697396
2459367.90381	14.024913	0.0115647
2459369.94983	14.0869	0.010740864
2459373.90992	14.062675	0.010724058
2459373.91183	14.057796	0.011572393
2459375.90917	14.042832	0.010710484
2459376.94621	14.029019	0.011565635
2459377.92768	14.071298	0.0107300095
2459378.90895	14.086797	0.011579556
2459379.90423	14.062755	0.010724112
2459382.95106	14.06805	0.011574884
2459385.88832	14.036955	0.011567464
2459386.90586	14.086148	0.0115793925
2459387.93513	14.069025	0.010728437
2459390.89289	14.073438	0.011576212
2459393.9419	14.043705	0.011569041
2459393.94382	14.047907	0.01071394
2459394.92735	14.091328	0.011580709
2459394.94555	14.078143	0.010734759
2459396.88601	14.074721	0.01157653
2459396.90787	14.061928	0.010723542
2459397.88318	14.051965	0.011570996
2459397.90586	14.06068	0.010722685
2459399.88985	14.078139	0.010734756
2459400.93115	14.039774	0.011568121
2459400.94174	14.075387	0.0107328445
2459401.94408	14.058878	0.010721448
2459402.90117	14.050413	0.011570626
2459402.93234	14.069585	0.010728825
2459403.9313	14.108515	0.010756084
2459404.9563	14.096853	0.010747847
2459404.95838	14.091776	0.011580823
2459405.92976	14.063737	0.0107247885
2459407.92965	14.105808	0.010754167
2459408.92955	14.117882	0.011587641
2459408.9509	14.076203	0.010733412
2459409.95429	14.08311	0.010738217
2459410.92636	14.058628	0.011572593
2459411.94926	14.110097	0.010757206
2459412.92758	14.138191	0.011593156
2459414.95383	14.08229	0.010737646
2459415.90825	14.090208	0.0115804225
2459418.88454	14.096759	0.011582101
2459418.88644	14.05807	0.010720892
2459422.90321	14.098114	0.01158245
2459422.90464	14.098047	0.010748687
2459424.86086	14.111092	0.011585839
2459424.86133	14.119977	0.010764242
2459426.91612	14.079079	0.010735409
2459428.8731	14.088674	0.010742105
2459428.87455	14.091428	0.0115807345
2459430.8675	14.0657215	0.011574315
2459430.86799	14.10405	0.010752923
2459435.86806	14.099869	0.01074997
2459435.86905	14.089389	0.011580214
2459440.81161	14.088998	0.011580114
2459443.80793	14.092182	0.011580926
2459443.80841	14.092043	0.010744467
2459446.88996	14.090987	0.011580622
2459448.81268	14.105514	0.010753959
2459449.82583	14.077383	0.011577193
2459450.8435	14.112845	0.010759159
2459453.78872	14.125139	0.0115895895
2459453.80857	14.104959	0.010753565
2459455.76736	14.114628	0.011586775
2459455.79005	14.106162	0.010754417
2459459.74916	14.081203	0.011578146
2459459.87274	14.108525	0.010756091
2459461.78618	14.1059475	0.011584486
2459461.8069	14.1191	0.010763615
2459463.78372	14.094373	0.011581488
2459463.80246	14.100154	0.010750172
2459465.84967	14.105725	0.011584428
2459465.85155	14.105632	0.010754042
2459467.74423	14.106565	0.011584649
2459467.86666	14.118684	0.010763318
2459469.86692	14.124209	0.01076727
2459469.86991	14.123228	0.011589075
2459471.73944	14.104873	0.010753504
2459471.7428	14.092998	0.011581135
2459473.93182	14.110948	0.011585801
2459473.94866	14.113197	0.0107594095
2459476.83325	14.113858	0.01158657
2459476.84414	14.096075	0.0107472995
2459478.74679	14.141984	0.0107800765
2459478.74779	14.129256	0.011590707
2459480.73191	14.122201	0.011588798
2459480.77035	14.109528	0.010756804
2459485.72508	14.117194	0.011587458
2459485.74401	14.129559	0.010771108
2459487.83138	14.091026	0.010743754
2459487.8397	14.0788145	0.011577548
2459489.7941	14.13178	0.011591394
2459491.70063	14.144642	0.0115949465
2459491.72244	14.118088	0.010762894
2459502.69719	14.122567	0.011588897
2459502.84757	14.173789	0.010803368
2459504.79349	14.070729	0.011575543
2459504.79491	14.071899	0.010730427
2459517.64398	14.12237	0.011588844
2459517.74733	14.072731	0.010731002
2459520.70334	14.128749	0.011590568
2459520.72433	14.139456	0.0107782455
2459522.7029	14.072946	0.01157609
2459522.7033700002	14.075408	0.010732858
2459524.68111	14.13413	0.011592037
2459524.72113	14.133171	0.010773707
2459526.63605	14.117947	0.011587658
2459526.66111	14.09292	0.010745083
2459529.68521	14.127311	0.011590178
2459529.70366	14.124889	0.010767757
2459531.64147	14.075775	0.011576791
2459531.66059	14.08376	0.010738672
2459537.80837	14.135757	0.010775574
2459538.74386	14.148481	0.011596021
2459540.68971	14.077515	0.010734322
2459542.67081	14.1511755	0.011596779
2459550.61919	14.131726	0.010772667
2459687.9814	14.061938	0.011573394
2459707.92288	14.107543	0.0107553955
2459707.9253000002	14.096899	0.011582137
2459707.94956	14.079941	0.01073601
2459707.96392	14.081874	0.011578315
2459710.88568	14.055274	0.011571786
2459713.88957	14.0483265	0.0115701305
2459718.89943	14.034811	0.011566969
2459718.94762	14.028771	0.011565579
2459731.94656	14.040008	0.011568175
2459733.92971	14.0774555	0.011577209
2459735.91376	13.99232	0.011557512
2459737.95062	14.068774	0.010728264
2459738.9339	14.0264635	0.011565052
2459739.95461	14.016048	0.010692433
2459741.89092	14.069693	0.011575287
2459742.90969	14.047028	0.010713339
2459743.94193	14.01353	0.011562141
2459744.91242	14.060993	0.0107229
2459748.93167	14.022342	0.011564117
2459749.86271	14.061966	0.010723569
2459750.88839	14.071208	0.011575661
2459751.92436	14.005127	0.010685159
2459752.88753	13.995443	0.011558183
2459755.87143	14.04224	0.010710082
2459755.94992	14.005939	0.011560462
2459759.90658	14.0262	0.01069924
2459759.90706	14.028345	0.011565481
2459764.88318	14.012908	0.011562002
2459764.88412	14.008101	0.010687135
2459766.87227	14.06323	0.011573708
2459766.88665	14.070735	0.01072962
2459773.91227	14.026364	0.01156503
2459773.92434	14.004401	0.010684678
2459773.94353	14.01258	0.011561929
2459773.94402	14.027811	0.010700323
2459775.88953	14.073267	0.011576169
2459778.90067	14.045915	0.0115695605
2459778.93817	14.032997	0.010703819
2459778.94826	14.065458	0.010725975
2459782.90875	14.0455065	0.010712303
2459782.91018	14.043909	0.011569088
2459784.92421	14.007641	0.010686831
2459784.92468	14.0185995	0.011563273
2459786.8938	14.035469	0.01156712
2459788.91221	14.039591	0.010708284
2459788.91315	13.999713	0.011559105
2459790.88804	14.000255	0.011559222
2459794.84873	14.003983	0.011560034
2459797.86893	14.009091	0.011561157
2459798.8656	13.991851	0.010676386
2459800.93014	14.034184	0.0115668215
2459801.9496	14.009566	0.01068811
2459802.96707	14.044162	0.011569149
2459803.89075	14.014219	0.010691212
2459806.84754	14.033204	0.011566597
2459806.86442	14.043429	0.01071089
2459808.84699	14.027603	0.010700183
2459808.84796	14.029517	0.0115657495
2459810.78995	14.020252	0.011563645
2459812.82307	14.004882	0.011560231
2459812.82659	14.032284	0.010703338
2459814.88811	14.048887	0.010714607
2459814.88954	14.020361	0.011563669
2459816.81985	14.01827	0.011563199
2459816.88906	14.030861	0.010702377
2459818.80522	14.022055	0.011564051
2459818.90804	14.044605	0.01071169
2459822.80481	14.026215	0.011564995
2459822.80578	14.070586	0.010729518
2459824.79004	14.035662	0.011567165
2459824.82362	14.044305	0.0107114855
2459826.78448	14.039475	0.011568051
2459826.78798	14.042126	0.010710004
2459829.95087	14.04627	0.010712825
2459842.8679	14.051162	0.010716161
2459843.78049	14.065202	0.011574187
2459844.8036	14.067007	0.010727044
2459845.76146	14.017148	0.011562948
2459847.74263	14.035434	0.011567112
2459847.74502	14.097101	0.010748021
2459849.68589	14.053123	0.011571272
2459849.80624	14.055272	0.010718973
2459851.68022	14.051595	0.011570907
2459853.77234	14.064375	0.011573986
2459854.78876	14.063737	0.0107247885
2459855.84342	14.076803	0.011577047
2459856.73204	14.065673	0.010726123
2459857.8871	14.059532	0.011572811
2459858.69289	14.056086	0.010719531
2459859.7477	14.052893	0.011571216
2459860.68099	14.072316	0.0107307155
2459861.76911	14.066672	0.011574547
2459865.63968	14.054657	0.011571638
2459866.68927	14.054582	0.0107185
2459867.68919	14.024535	0.011564613
2459869.6847	14.061614	0.010723327
2459870.72764	14.048144	0.011570088
2459871.68111	14.052626	0.010717162
2459873.68245	14.075466	0.010732899
2459874.66531	14.077776	0.011577289
2459877.84519	14.076142	0.010733369
2459877.84614	14.072007	0.011575858
2459879.79207	14.06267	0.010724054
2459879.79254	14.060329	0.011573004
2459881.74841	14.0663595	0.010726597
2459881.77146	14.071796	0.011575806
2459883.63668	14.068804	0.011575069
2459883.80399	14.065812	0.010726221
2459888.79055	14.104729	0.0107534025
2459894.64117	14.059438	0.010721831
2459896.6457	14.086852	0.0107408315
2459898.76158	14.0555525	0.010719165
2459898.76347	14.060917	0.011573147
2459900.72993	14.08818	0.0115799075
2459900.74404	14.087251	0.01074111
2459902.66283	14.059111	0.011572709
2459902.66479	14.061747	0.0107234195
2459904.61605	14.141063	0.01159395
2459904.716	14.080388	0.010736321
2459906.63959	14.058707	0.011572612
2459906.65804	14.063435	0.010724581
2459908.65932	14.082632	0.010737885
2459910.62453	14.089332	0.0115802
2459913.65875	14.128801	0.011590583
2459913.66404	14.094796	0.010746399
2459922.67958	14.090417	0.0107433265
2459922.69919	14.095407	0.011581753
2459924.68405	14.07479	0.01073243
2459930.78303	14.0844755	0.010739171
2459933.63868	14.093354	0.011581226
2459933.66053	14.10941	0.01075672
2459937.66492	14.081634	0.011578254
2459937.70364	14.085938	0.010740193
2459951.68087	14.099206	0.011582733
2459958.65807	14.06053	0.011573053
2459969.63701	14.062724	0.010724091
2459972.6579	14.091378	0.010744
