JD	mag	mag_err
2458244.98369	13.507141	0.010863726
2458246.94761	13.506031	0.010863564
2458247.96608	13.514582	0.01086482
2458249.95005	13.492301	0.010861581
2458249.96573	13.491289	0.010861436
2458254.98699	13.503114	0.010863139
2458255.96474	13.51893	0.010865467
2458256.9237	13.554918	0.010870979
2458256.96596	13.543654	0.010869221
2458257.92179	13.506489	0.01086363
2458257.9684	13.520686	0.010865727
2458258.95366	13.503329	0.01086317
2458263.87738	13.52537	0.01086643
2458266.88241	13.533599	0.010867677
2458268.95148	13.539608	0.010868598
2458269.92501	13.55677	0.010871272
2458270.92586	13.5424595	0.010869036
2458271.94777	13.515098	0.010864896
2458272.96343	13.527565	0.010866761
2458273.92492	13.551458	0.010870436
2458274.97119	13.525319	0.010866422
2458276.96653	13.514994	0.010864881
2458277.93092	13.517342	0.01086523
2458278.96922	13.51691	0.010865166
2458279.92927	13.517879	0.010865309
2458280.87013	13.530044	0.010867136
2458281.96956	13.517811	0.0108653
2458282.96865	13.509528	0.010864075
2458283.88666	13.5221815	0.010865952
2458285.90709	13.498907	0.010862528
2458286.97546	13.517597	0.010865267
2458287.9653	13.519568	0.010865562
2458288.97285	13.494329	0.01086187
2458289.97698	13.520837	0.01086575
2458290.97592	13.509343	0.010864048
2458291.97147	13.519194	0.010865505
2458292.97048	13.514845	0.0108648585
2458293.97255	13.529365	0.010867034
2458294.97217	13.516611	0.010865121
2458296.86497	13.5277405	0.010866788
2458298.94617	13.507514	0.01086378
2458299.91427	13.508879	0.01086398
2458300.92824	13.509382	0.010864054
2458301.94969	13.494076	0.010861834
2458303.97807	13.516453	0.010865098
2458304.88312	13.512109	0.010864456
2458305.90354	13.522831	0.01086605
2458307.91057	13.483822	0.010860377
2458310.92571	13.5626545	0.010872205
2458312.92792	13.516412	0.010865091
2458316.94848	13.536533	0.010868124
2458319.95774	13.549454	0.010870123
2458320.88763	13.513102	0.010864602
2458321.96762	13.533049	0.010867593
2458322.90508	13.5415325	0.010868893
2458323.97749	13.549876	0.0108701885
2458324.97406	13.537757	0.010868313
2458325.9738	13.525061	0.010866383
2458326.89583	13.5574665	0.011282136
2458326.89629	13.543867	0.011285712
2458326.91428	13.551127	0.010870384
2458327.87046	13.533522	0.011288464
2458327.87092	13.558397	0.011281893
2458327.9036	13.560737	0.0108719
2458328.86907	13.550031	0.011284086
2458328.86952	13.563154	0.011280653
2458328.90662	13.524319	0.010866273
2458329.8635	13.515131	0.010864901
2458330.88825	13.553935	0.011283061
2458330.88871	13.611061	0.011268489
2458330.90263	13.516736	0.01086514
2458331.8868	13.582683	0.011275624
2458331.88726	13.579276	0.011276495
2458332.88083	13.570464	0.011278761
2458332.88128	13.5878315	0.011274314
2458332.90161	13.517332	0.010865228
2458333.83872	13.514319	0.010864781
2458334.86237	13.513646	0.0108646825
2458334.90268	13.559673	0.011281559
2458334.90315	13.546632	0.011284982
2458335.85785	13.522599	0.010866014
2458335.88123	13.571441	0.011278507
2458335.88169	13.568543	0.011279256
2458336.8465	13.521338	0.010865825
2458336.87274	13.550195	0.011284041
2458336.87319	13.564316	0.011280351
2458337.84561	13.519919	0.010865613
2458338.84396	13.507164	0.010863729
2458342.84334	13.524106	0.010866241
2458343.86397	13.540525	0.0108687375
2458344.93375	13.520689	0.010865728
2458345.85402	13.565677	0.011279998
2458345.86104	13.522111	0.010865941
2458346.89211	13.506749	0.010863668
2458347.90934	13.52215	0.010865947
2458349.82662	13.501641	0.010862925
2458350.89071	13.517936	0.010865319
2458351.88314	13.519951	0.0108656185
2458352.82464	13.51003	0.010864149
2458353.81488	13.535125	0.011288037
2458353.93666	13.513123	0.010864605
2458353.97224	13.515538	0.010864962
2458354.78958	13.517415	0.011292799
2458354.81921	13.508514	0.010863927
2458354.92789	13.518101	0.010865343
2458355.81017	13.523583	0.011291131
2458355.8406	13.5113945	0.01086435
2458355.9337	13.49884	0.01086252
2458356.80527	13.538308	0.011287189
2458356.88037	13.519424	0.01086554
2458356.96582	13.517463	0.010865248
2458357.72222	13.520224	0.0108656585
2458357.8253	13.517346	0.011292817
2458357.91486	13.528304	0.010866873
2458358.91048	13.52133	0.010865824
2458359.85232	13.551597	0.011283673
2458359.88133	13.530073	0.01086714
2458360.81284	13.52672	0.011290288
2458360.83846	13.525814	0.010866497
2458361.80328	13.518955	0.01086547
2458361.82465	13.544632	0.011285511
2458362.82234	13.514217	0.010864767
2458362.8552	13.564572	0.011280285
2458363.78411	13.5991955	0.01087819
2458364.80852	13.522215	0.010865957
2458364.85713	13.561222	0.011281156
2458365.84625	13.512667	0.010864538
2458365.87677	13.540544	0.011286593
2458366.83636	13.511799	0.01086441
2458367.83649	13.5191345	0.0108654965
2458368.80421	13.513871	0.010864715
2458368.82368	13.579679	0.011276392
2458369.8867	13.512977	0.010864583
2458370.80154	13.534424	0.010867802
2458371.81117	13.546392	0.0108696455
2458372.86713	13.529269	0.010867019
2458373.80632	13.533435	0.010867652
2458374.82949	13.531241	0.010867318
2458375.86578	13.526704	0.010866631
2458376.87089	13.537649	0.010868296
2458377.79306	13.540117	0.010868674
2458378.76845	13.568517	0.011279263
2458378.78724	13.529272	0.01086702
2458379.77136	13.561424	0.011281103
2458379.80464	13.532137	0.010867453
2458380.793	13.552142	0.011283531
2458380.82816	13.549687	0.01087016
2458382.8495899998	13.528916	0.010866965
2458383.80718	13.518786	0.010865445
2458384.7028799998	13.535893	0.010868027
2458385.76954	13.516149	0.010865052
2458386.77662	13.539557	0.010868589
2458387.92913	13.536674	0.010868146
2458388.75748	13.508458	0.010863919
2458389.7561	13.539684	0.010868609
2458390.69505	13.525804	0.010866495
2458400.71759	13.522881	0.010866056
2458428.62419	13.546355	0.01086964
2458429.64366	13.546873	0.010869721
2458430.6904	13.547994	0.010869895
2458431.67995	13.53639	0.010868102
2458434.70866	13.55909	0.010871639
2458435.76428	13.538771	0.010868468
2458437.76142	13.538275	0.010868391
2458439.71321	13.546112	0.010869602
2458439.71366	13.523857	0.010866203
2458439.72277	13.512816	0.01086456
2458439.72322	13.504679	0.010863367
2458439.73253	13.478044	0.010859567
2458439.7408	13.566067	0.011279897
2458441.71379	13.512576	0.010864524
2458441.71425	13.533361	0.01086764
2458441.72356	13.528776	0.010866945
2458441.72401	13.528641	0.010866924
2458441.78625	13.529013	0.010866981
2458442.76623	13.540084	0.0108686695
2458443.59518	13.556891	0.011282286
2458447.84788	13.503365	0.010863175
2458449.72246	13.532726	0.0108675435
2458449.72637	13.50975	0.010864108
2458449.7322	13.506406	0.010863618
2458449.73799	13.520196	0.010865655
2458449.74516	13.510902	0.010864277
2458450.73975	13.517934	0.010865318
2458450.74022	13.517426	0.010865242
2458451.71676	13.502638	0.01086307
2458451.71785	13.51187	0.01086442
2458451.73233	13.514866	0.010864862
2458451.74135	13.516117	0.010865048
2458451.74181	13.513833	0.0108647095
2458456.63615	13.49828	0.01086244
2458457.65994	13.509994	0.010864143
2458469.6006	13.490668	0.010861347
2458471.64018	13.50277	0.010863089
2458472.60495	13.503974	0.010863264
2458474.63889	13.50553	0.01086349
2458475.66026	13.493924	0.010861812
2458476.61247	13.516132	0.01086505
2458476.61343	13.505646	0.010863507
2458476.61438	13.516385	0.010865088
2458476.61534	13.505691	0.010863514
2458476.6163	13.497356	0.010862306
2458476.61725	13.511725	0.010864398
2458476.61821	13.498829	0.010862518
2458476.61918	13.496705	0.010862212
2458476.62012	13.513775	0.010864701
2458476.62108	13.507898	0.010863837
2458476.62299	13.514378	0.0108647905
2458476.62394	13.511533	0.01086437
2458476.6249	13.500295	0.0108627295
2458476.62586	13.511112	0.010864308
2458476.62681	13.507678	0.010863804
2458476.62777	13.521406	0.0108658355
2458476.62872	13.508253	0.010863889
2458476.62968	13.511251	0.010864329
2458476.63063	13.518797	0.010865446
2458476.63159	13.522047	0.010865931
2458476.63255	13.517288	0.010865222
2458476.6335	13.499776	0.010862655
2458476.63446	13.515902	0.010865015
2458476.63541	13.502144	0.010862999
2458476.63637	13.512532	0.010864518
2458476.63733	13.5084915	0.0108639235
2458476.63828	13.512636	0.0108645335
2458476.63924	13.511227	0.010864325
2458476.64019	13.506979	0.010863702
2458476.64115	13.512639	0.0108645335
2458476.64211	13.518337	0.010865377
2458476.64306	13.512487	0.010864511
2458476.64402	13.514449	0.010864801
2458476.64497	13.521964	0.010865919
2458476.64593	13.507355	0.010863757
2458476.64688	13.510462	0.010864212
2458476.64784	13.51083	0.010864266
2458476.6488	13.517951	0.01086532
2458476.64975	13.50946	0.010864065
2458476.65071	13.510903	0.010864277
2458476.65166	13.518418	0.010865389
2458476.65262	13.527036	0.010866681
2458476.65358	13.515164	0.010864907
2458476.65453	13.497892	0.010862383
2458476.65549	13.517909	0.010865314
2458476.65644	13.49601	0.010862112
2458476.6574	13.514566	0.010864818
2458476.65836	13.518415	0.01086539
2458476.65931	13.521484	0.010865848
2458476.66027	13.512233	0.010864474
2458476.66122	13.502912	0.010863109
2458476.66218	13.521022	0.010865778
2458476.6631300002	13.532844	0.010867561
2458476.66409	13.514872	0.010864862
2458476.66505	13.510156	0.0108641675
2458476.666	13.524241	0.010866261
2458476.66696	13.501123	0.010862849
2458476.66791	13.5073395	0.010863755
2458476.68512	13.515147	0.010864904
2458476.68799	13.518035	0.0108653335
2458476.68894	13.53375	0.0108677
2458476.69085	13.523342	0.010866126
2458476.69181	13.530805	0.010867251
2458476.69564	13.527326	0.010866726
2458476.69659	13.510457	0.010864211
2458476.69755	13.501666	0.010862928
2458476.6985	13.519928	0.010865615
2458476.69946	13.499979	0.010862684
2458476.70042	13.524444	0.010866292
2458476.70137	13.506987	0.010863704
2458476.70233	13.518509	0.010865403
2458476.70328	13.519413	0.010865538
2458476.70424	13.520957	0.010865768
2458476.70519	13.534227	0.010867773
2458476.70615	13.513043	0.010864593
2458476.70711	13.509489	0.01086407
2458476.70806	13.513931	0.010864725
2458476.70902	13.512599	0.010864528
2458476.70997	13.512369	0.010864494
2458476.71093	13.495246	0.010862002
2458476.71188	13.512051	0.010864447
2458476.71284	13.517851	0.010865306
2458476.7138	13.51736	0.010865233
2458476.71475	13.505862	0.01086354
2458476.71571	13.504447	0.010863332
2458476.71666	13.512887	0.01086457
2458476.71762	13.513292	0.010864629
2458476.71858	13.5136	0.010864675
2458476.71953	13.519317	0.010865524
2458476.72049	13.522688	0.010866027
2458476.72144	13.496659	0.010862205
2458476.7224	13.517453	0.010865246
2458476.72335	13.502188	0.010863004
2458476.72431	13.505636	0.010863506
2458476.72527	13.505295	0.010863456
2458476.72622	13.508122	0.010863869
2458476.72718	13.51714	0.010865199
2458476.72813	13.506332	0.010863608
2458476.72909	13.524748	0.010866337
2458476.73004	13.526912	0.0108666625
2458476.731	13.518546	0.010865409
2458476.73196	13.497229	0.010862287
2458476.73291	13.513863	0.010864714
2458476.73387	13.506073	0.01086357
2458476.73482	13.516805	0.01086515
2458476.73578	13.507163	0.010863729
2458476.73674	13.516665	0.0108651295
2458476.73769	13.5053835	0.010863469
2458476.73865	13.52127	0.010865815
2458476.7396	13.505518	0.010863489
2458476.74056	13.507345	0.010863756
2458476.74152	13.4962015	0.01086214
2458476.74247	13.502727	0.0108630825
2458476.74343	13.514157	0.010864758
2458476.74438	13.507169	0.010863731
2458476.74534	13.511825	0.010864413
2458476.74629	13.508213	0.010863883
2458476.74725	13.508581	0.0108639365
2458476.74821	13.5168915	0.010865163
2458476.74916	13.514858	0.010864861
2458476.75012	13.511515	0.010864368
2458476.75107	13.515703	0.010864986
2458476.75203	13.525496	0.010866448
2458476.75299	13.527541	0.0108667575
2458476.75394	13.50497	0.010863408
2458476.7549	13.526983	0.010866674
2458476.75586	13.507244	0.010863741
2458476.75681	13.523	0.010866075
2458476.75777	13.516582	0.0108651165
2458480.7077	13.53014	0.0108671505
2458480.70866	13.532277	0.0108674755
2458480.70961	13.523239	0.01086611
2458480.71057	13.53707	0.010868208
2458480.71152	13.524243	0.010866261
2458480.71248	13.550119	0.010870226
2458480.71343	13.509707	0.010864102
2458480.71439	13.508667	0.01086395
2458480.71535	13.526165	0.01086655
2458480.7163	13.533767	0.010867703
2458480.71726	13.518372	0.010865384
2458480.71821	13.504298	0.010863311
2458480.72013	13.507112	0.010863721
2458480.72108	13.519148	0.010865499
2458480.72204	13.504867	0.010863394
2458480.72299	13.512482	0.01086451
2458480.72395	13.488786	0.01086108
2458480.7249	13.513968	0.01086473
2458480.72586	13.512799	0.010864558
2458480.72682	13.520627	0.010865719
2458480.7277699998	13.496059	0.0108621195
2458480.72873	13.539769	0.010868622
2458480.72968	13.525629	0.01086647
2458480.73064	13.508498	0.010863925
2458480.73159	13.551331	0.010870416
2458480.73255	13.531965	0.010867428
2458480.73351	13.538802	0.010868473
2458480.73446	13.531832	0.010867408
2458480.73542	13.535764	0.010868007
2458480.73637	13.51849	0.010865401
2458480.73733	13.531729	0.010867392
2458480.73829	13.536625	0.010868139
2458480.73924	13.528565	0.010866912
2458480.7402	13.537077	0.010868208
2458480.74115	13.536021	0.010868046
2458480.74211	13.525005	0.010866376
2458480.74307	13.5243435	0.010866277
2458480.74402	13.535493	0.010867965
2458480.74498	13.533195	0.010867615
2458480.74593	13.537579	0.010868286
2458480.74689	13.565216	0.010872615
2458480.74785	13.515207	0.0108649125
2458480.7488	13.544833	0.010869403
2458480.74976	13.500923	0.010862821
2458480.75071	13.498715	0.0108625
2458480.75167	13.548914	0.010870039
2458480.75263	13.54304	0.010869126
2458480.75358	13.534069	0.010867748
2458480.75454	13.547005	0.0108697405
2458480.7555	13.475418	0.0108592
2458480.75645	13.493228	0.010861713
2458480.75932	13.516989	0.010865177
2458480.76028	13.497413	0.010862314
2458480.76123	13.492167	0.010861562
2458480.76219	13.449395	0.010855656
2458486.60469	13.5557375	0.010871109
2458490.63573	13.540306	0.010868703
2458494.59083	13.544688	0.010869382
2458511.61761	13.509819	0.010864118
2458605.94799	13.510992	0.01086429
2458607.99075	13.534568	0.010867825
2458608.98485	13.53406	0.0108677475
2458634.92774	13.462434	0.010857413
2458636.92449	13.442713	0.0108547695
2458637.92858	13.461927	0.010857344
2458638.97261	13.453501	0.010856206
2458639.91146	13.449445	0.010855662
2458640.96976	13.455419	0.010856463
2458641.97273	13.46217	0.010857377
2458643.9673	13.441791	0.010854648
2458644.97295	13.451975	0.010856001
2458646.96993	13.456069	0.01085655
2458650.92838	13.458952	0.01085694
2458651.93373	13.461259	0.010857253
2458652.9448	13.48103	0.010859985
2458653.95015	13.457856	0.010856791
2458654.95027	13.465605	0.010857847
2458655.90974	13.476802	0.011304003
2458655.91018	13.485248	0.011301642
2458657.92663	13.4655905	0.010857845
2458663.93418	13.45933	0.010856992
2458665.94501	13.488819	0.010861084
2458666.93336	13.486806	0.010860799
2458667.96879	13.477673	0.010859515
2458668.86482	13.468373	0.010858227
2458669.92502	13.4927225	0.010861641
2458670.96626	13.48845	0.010861032
2458672.97416	13.489337	0.010861157
2458673.95367	13.501531	0.010862909
2458674.9712	13.470415	0.010858508
2458676.975	13.521686	0.010865876
2458677.80584	13.500853	0.010862811
2458681.91538	13.547122	0.011284852
2458681.91583	13.536328	0.011287714
2458682.91568	13.519614	0.011292204
2458682.91613	13.535977	0.011287808
2458683.91086	13.530386	0.011289304
2458683.91131	13.533575	0.011288451
2458683.92338	13.521786	0.010865892
2458685.93239	13.5453415	0.011285323
2458685.93284	13.507913	0.011295387
2458690.90744	13.496331	0.010862159
2458693.8856	13.501599	0.0108629195
2458696.88323	13.477145	0.01085944
2458699.88694	13.429531	0.010853049
2458702.89562	13.465132	0.010857781
2458705.95761	13.436157	0.01085391
2458706.85323	13.449893	0.011311636
2458706.85368	13.465428	0.011307209
2458708.99395	13.448175	0.010855494
2458710.86687	13.445619	0.011312865
2458710.86732	13.436034	0.011315632
2458711.83376	13.450187	0.0113115525
2458711.83421	13.445334	0.011312946
2458711.90656	13.428148	0.010852871
2458712.8616	13.437679	0.011315155
2458712.86207	13.464619	0.01130744
2458713.87221	13.4321785	0.01131675
2458713.87266	13.426358	0.011318445
2458714.8693	13.433411	0.010853552
2458714.8905	13.440396	0.011314369
2458714.89095	13.436771	0.011315418
2458715.88713	13.456088	0.011309866
2458715.88758	13.431061	0.011317075
2458716.93167	13.4550495	0.011310161
2458716.93212	13.42863	0.011317783
2458717.82268	13.423298	0.010852249
2458717.82358	13.446987	0.010855336
2458719.83526	13.434857	0.010853739
2458719.951	13.449038	0.011311883
2458719.95145	13.458178	0.011309269
2458722.82173	13.460691	0.010857176
2458723.88335	13.4447155	0.010855034
2458723.88576	13.430679	0.010853197
2458726.81872	13.438528	0.01085422
2458730.89821	13.492848	0.0108616585
2458733.88753	13.512666	0.010864538
2458733.88985	13.507069	0.010863716
2458735.88974	13.50808	0.010863864
2458736.92739	13.513559	0.010864669
2458736.92829	13.523469	0.010866145
2458738.67275	13.539355	0.010868559
2458738.7222	13.54899	0.010870051
2458738.73191	13.5406065	0.01086875
2458739.67169	13.508418	0.010863913
2458739.72169	13.535056	0.010867898
2458739.73139	13.531182	0.010867309
2458739.86196	13.535302	0.011287988
2458739.8624	13.5537	0.011283122
2458740.67215	13.514788	0.010864851
2458740.72199	13.537966	0.010868344
2458740.73169	13.534863	0.0108678695
2458740.90315	13.537483	0.011287408
2458740.9036	13.5236435	0.011291116
2458741.67232	13.521907	0.010865911
2458741.72209	13.530819	0.010867253
2458741.73178	13.541124	0.010868831
2458741.86265	13.531296	0.01128906
2458741.8631	13.5655155	0.011280039
2458743.67344	13.548846	0.010870028
2458743.72183	13.558053	0.010871475
2458743.73153	13.545012	0.010869431
2458743.86884	13.552097	0.010870536
2458744.67248	13.553015	0.01087068
2458744.72227	13.533204	0.010867616
2458744.73197	13.539914	0.010868643
2458744.8741	13.546154	0.010869609
2458745.67261	13.558918	0.010871612
2458745.72244	13.577477	0.010874594
2458745.73214	13.548129	0.0108699165
2458745.84941	13.550387	0.010870268
2458745.91396	13.537757	0.011287334
2458745.91442	13.546084	0.011285125
2458746.69708	13.529106	0.010866994
2458746.72649	13.539709	0.010868613
2458746.73618	13.53786	0.010868328
2458747.67254	13.516753	0.010865143
2458747.7209	13.528803	0.010866948
2458747.7306	13.529806	0.010867101
2458748.67168	13.521655	0.010865873
2458748.72215	13.525375	0.010866431
2458748.73184	13.535365	0.010867946
2458748.90736	13.539275	0.01128693
2458748.90781	13.519795	0.011292155
2458749.67322	13.497365	0.010862308
2458749.72198	13.522529	0.010866004
2458749.73168	13.525252	0.010866412
2458750.67353	13.509128	0.0108640175
2458750.72231	13.50685	0.010863683
2458750.73201	13.515698	0.010864986
2458751.67118	13.494519	0.010861897
2458751.72211	13.518439	0.010865393
2458751.7318	13.505913	0.010863546
2458754.67088	13.489875	0.010861235
2458754.72139	13.496784	0.010862223
2458754.73111	13.497518	0.010862329
2458757.80812	13.4673815	0.01085809
2458758.68003	13.468611	0.010858259
2458758.72655	13.470752	0.010858554
2458758.73625	13.429846	0.010853091
2458758.80776	13.476185	0.010859308
2458759.82329	13.449332	0.011311798
2458760.67249	13.459346	0.0108569935
2458760.72267	13.456004	0.010856543
2458760.73238	13.464553	0.010857702
2458760.79069	13.459471	0.01085701
2458761.67152	13.451571	0.010855947
2458761.7216	13.456984	0.010856674
2458761.73131	13.456629	0.010856626
2458762.67125	13.457054	0.010856683
2458762.72316	13.45043	0.010855794
2458762.73287	13.436475	0.01085395
2458763.67256	13.460814	0.010857192
2458763.72275	13.450614	0.010855819
2458763.73222	13.468148	0.010858195
2458763.78138	13.456498	0.011309748
2458763.78183	13.44497	0.011313051
2458764.6528	13.461965	0.010857349
2458764.71862	13.463701	0.010857587
2458764.72544	13.464879	0.010857747
2458765.65425	13.468669	0.010858267
2458765.70763	13.463191	0.011307843
2458765.70808	13.468676	0.011306291
2458765.71723	13.467446	0.010858099
2458765.72406	13.452634	0.010856089
2458766.65287	13.443785	0.01085491
2458766.71833	13.443746	0.010854906
2458766.72515	13.438812	0.010854256
2458767.65335	13.436077	0.0108539
2458768.65468	13.4540825	0.010856284
2458768.71691	13.4582405	0.0108568445
2458768.72373	13.4607315	0.010857182
2458769.65459	13.456203	0.010856569
2458769.71831	13.44179	0.010854648
2458769.72513	13.455608	0.010856488
2458770.65466	13.46985	0.01085843
2458770.71729	13.457607	0.010856759
2458770.72412	13.464378	0.010857679
2458770.80696	13.432975	0.011316519
2458770.80741	13.453022	0.01131074
2458771.65488	13.464444	0.010857687
2458771.71833	13.463728	0.0108575905
2458771.72514	13.443309	0.010854848
2458771.79049	13.461717	0.011308263
2458771.79094	13.445324	0.011312949
2458772.65519	13.442857	0.010854788
2458773.65382	13.459883	0.010857067
2458774.6541	13.454249	0.010856305
2458775.65383	13.427694	0.010852813
2458776.65305	13.4531	0.010856152
2458777.65346	13.448745	0.0108555695
2458778.65365	13.450706	0.01085583
2458779.65344	13.438311	0.010854191
2458781.65333	13.459625	0.010857032
2458782.65241	13.447629	0.0108554205
2458783.6536	13.45044	0.010855795
2458785.65323	13.466826	0.010858013
2458786.66011	13.46549	0.010857831
2458787.65245	13.470429	0.01085851
2458788.65333	13.459881	0.010857067
2458789.65369	13.48528	0.010860583
2458789.76589	13.484237	0.010860436
2458790.64289	13.47066	0.010858541
2458790.68148	13.491494	0.010861465
2458792.65999	13.501665	0.010862928
2458793.61282	13.501359	0.010862883
2458796.61589	13.526518	0.010866603
2458798.75276	13.548989	0.01087005
2458799.72825	13.541157	0.010868835
2458803.74461	13.536048	0.01086805
2458806.72169	13.540331	0.010868708
2458811.63827	13.482433	0.0108601805
2458814.66636	13.49453	0.010861899
2458819.66542	13.470717	0.010858549
2458828.78749	13.460225	0.010857113
2458833.59301	13.4423895	0.010854728
2458837.57786	13.432541	0.010853439
2458846.62323	13.457168	0.010856698
2458854.65745	13.470771	0.010858556
2458856.63712	13.487669	0.010860921
2458859.66093	13.487706	0.0108609265
2458872.62064	13.507481	0.010863775
2458875.61198	13.490681	0.010861349
2458878.63713	13.445916	0.010855193
2458881.62007	13.476093	0.010859295
2458885.63486	13.458406	0.010856867
2458979.959	13.492545	0.010861616
2458980.97186	13.488438	0.01086103
2458981.95416	13.485547	0.01086062
2458987.98014	13.482649	0.010860211
2458996.97602	13.515116	0.010864899
2459010.85199	13.462787	0.010857461
2459013.86106	13.458273	0.010856848
2459016.97153	13.4433565	0.010854854
2459022.96899	13.452613	0.010856086
2459028.97161	13.466016	0.010857902
2459031.94344	13.460092	0.010857095
2459034.88574	13.479289	0.010859741
2459035.86031	13.471966	0.010858721
2459036.88663	13.472409	0.010858783
2459037.94935	13.531299	0.010867326
2459038.88246	13.469043	0.010858319
2459039.94446	13.465753	0.010857865
2459040.8953	13.470672	0.010858543
2459041.98762	13.450027	0.01085574
2459042.96961	13.4812155	0.01086001
2459042.98866	13.479039	0.0108597055
2459043.8871999998	13.447555	0.010855411
2459043.98975	13.464234	0.010857659
2459044.98391	13.464124	0.0108576445
2459045.87428	13.459796	0.010857055
2459045.99102	13.465566	0.010857841
2459046.90592	13.46613	0.010857918
2459046.91732	13.458882	0.010856931
2459048.91643	13.462598	0.010857436
2459049.91063	13.465445	0.010857825
2459050.9678	13.469394	0.010858367
2459050.98893	13.46596	0.010857894
2459051.90827	13.469535	0.010858386
2459052.91194	13.477877	0.0108595425
2459052.91671	13.4870615	0.010860834
2459053.95403	13.478336	0.010859607
2459054.89231	13.480385	0.010859894
2459054.9142	13.472927	0.010858854
2459055.94714	13.465737	0.010857863
2459056.88593	13.482863	0.010860242
2459056.89625	13.486473	0.010860752
2459057.9487	13.472785	0.010858835
2459059.94763	13.475687	0.010859238
2459059.95672	13.476738	0.010859384
2459060.95822	13.481039	0.010859986
2459061.80949	13.4894085	0.010861168
2459062.83257	13.470097	0.010858463
2459062.9758	13.464057	0.010857634
2459063.80553	13.470052	0.010858458
2459064.82893	13.469962	0.0108584445
2459065.86154	13.461607	0.010857301
2459065.926	13.463	0.01085749
2459066.99812	13.46401	0.010857628
2459068.87342	13.449216	0.010855632
2459068.87984	13.446632	0.010855288
2459069.93461	13.462646	0.010857442
2459071.84561	13.45748	0.010856741
2459071.86613	13.441682	0.0108546335
2459073.00635	13.448698	0.010855563
2459075.82675	13.435734	0.010853855
2459076.84751	13.48395	0.010860395
2459076.86384	13.467088	0.01085805
2459077.95266	13.454278	0.01085631
2459078.84337	13.4697	0.010858409
2459078.85431	13.460084	0.010857094
2459079.86391	13.457624	0.010856761
2459079.88314	13.460301	0.010857122
2459080.82586	13.473328	0.01085891
2459080.86617	13.459439	0.010857007
2459081.8846	13.461777	0.010857324
2459081.89258	13.462059	0.010857362
2459082.97498	13.461364	0.010857267
2459084.80096	13.484166	0.010860425
2459085.82821	13.446306	0.010855245
2459086.83676	13.467377	0.01085809
2459086.846	13.45474	0.010856371
2459088.88848	13.475007	0.010859143
2459089.92631	13.474859	0.0108591225
2459091.00168	13.464386	0.01085768
2459093.86474	13.455195	0.010856433
2459094.83551	13.459117	0.010856964
2459095.89487	13.419873	0.010851813
2459096.80467	13.4583	0.010856852
2459097.80599	13.421899	0.0108520705
2459098.84778	13.425607	0.010852545
2459102.91177	13.399063	0.010849216
2459106.86681	13.431825	0.0108533455
2459109.749	13.440451	0.010854472
2459112.85208	13.451657	0.010855958
2459113.82485	13.438872	0.010854265
2459115.79804	13.458166	0.010856834
2459115.87105	13.441029	0.010854549
2459118.74031	13.419377	0.01085175
2459118.8185	13.439586	0.010854358
2459122.72898	13.443349	0.010854853
2459123.81214	13.432532	0.010853438
2459124.77137	13.450779	0.0108558405
2459125.79521	13.455214	0.010856435
2459125.8152	13.442169	0.010854698
2459126.83046	13.453591	0.010856218
2459129.71915	13.445913	0.010855193
2459131.74463	13.4524765	0.010856068
2459134.70511	13.472603	0.010858809
2459136.70477	13.491742	0.010861501
2459138.79477	13.495709	0.010862068
2459140.72159	13.497812	0.010862371
2459144.72562	13.51815	0.01086535
2459146.68573	13.507739	0.010863814
2459149.64412	13.476485	0.010859349
2459151.72919	13.4743	0.010859045
2459153.61901	13.448594	0.010855548
2459155.62276	13.4603815	0.010857133
2459157.82807	13.462159	0.010857376
2459164.68334	13.449809	0.010855711
2459167.70432	13.457964	0.010856806
2459169.70333	13.441741	0.010854642
2459173.73081	13.437487	0.010854083
2459178.7248	13.432471	0.01085343
2459182.60254	13.443609	0.010854888
2459184.61584	13.464381	0.010857679
2459186.75129	13.45857	0.010856888
2459188.75923	13.480038	0.010859845
2459193.79121	13.494034	0.010861828
2459195.61893	13.510296	0.010864188
2459199.61992	13.501193	0.01086286
2459202.75117	13.507603	0.010863794
2459204.66206	13.493431	0.010861742
2459210.61661	13.479251	0.010859735
2459210.61755	13.467581	0.010858118
2459215.61888	13.444589	0.010855017
2459215.62077	13.468402	0.01085823
2459219.67831	13.444431	0.010854997
2459219.67925	13.443526	0.010854877
2459223.61723	13.437065	0.010854028
2459227.65453	13.443171	0.010854829
2459229.61757	13.42456	0.0108524095
2459231.65457	13.424914	0.010852456
2459356.88453	13.422944	0.010852205
2459359.92543	13.431758	0.010853337
2459367.9031	13.428824	0.010852959
2459369.9496	13.441754	0.010854644
2459373.9097	13.422642	0.0108521655
2459375.90895	13.425274	0.010852502
2459377.92746	13.400887	0.01084944
2459379.90402	13.40993	0.010850561
2459387.93494	13.400925	0.010849444
2459393.94365	13.41419	0.0108510945
2459394.94538	13.425588	0.010852542
2459396.90771	13.406129	0.010850087
2459397.9057	13.4158535	0.010851305
2459400.94159	13.420412	0.0108518815
2459401.94393	13.414997	0.010851196
2459402.93219	13.439739	0.010854379
2459403.93116	13.432595	0.010853446
2459404.95616	13.41257	0.0108508915
2459405.92963	13.421185	0.010851979
2459407.92952	13.428237	0.010852884
2459408.95078	13.432163	0.01085339
2459409.95417	13.428071	0.010852861
2459411.94915	13.435807	0.010853864
2459414.95373	13.447916	0.01085546
2459418.88635	13.475682	0.010859237
2459422.90457	13.463016	0.010857493
2459424.86127	13.473803	0.010858976
2459426.91606	13.462582	0.010857433
2459428.87305	13.446278	0.010855241
2459430.86795	13.423575	0.010852285
2459435.86804	13.419241	0.0108517315
2459443.80843	13.379499	0.010846857
2459448.81271	13.385955	0.010847626
2459450.84354	13.397532	0.010849029
2459453.80863	13.426895	0.010852709
2459455.79012	13.411457	0.010850752
2459459.87282	13.400348	0.010849373
2459461.80699	13.393725	0.010848564
2459463.80255	13.40684	0.010850175
2459465.85166	13.398254	0.010849117
2459467.86678	13.401298	0.01084949
2459469.86704	13.407636	0.010850274
2459471.73957	13.413602	0.01085102
2459473.94879	13.418545	0.010851644
2459476.84429	13.420442	0.010851886
2459478.74694	13.434559	0.010853702
2459480.77051	13.441407	0.010854598
2459485.74418	13.4290085	0.010852982
2459487.83156	13.418859	0.010851684
2459491.72262	13.427158	0.010852744
2459502.84778	13.402392	0.010849625
2459504.79512	13.401083	0.010849463
2459517.74756	13.332928	0.01084155
2459520.72457	13.369563	0.010845687
2459522.70361	13.387838	0.010847852
2459524.72137	13.389855	0.010848095
2459526.66136	13.403741	0.010849792
2459529.7039	13.399094	0.01084922
2459531.66084	13.402689	0.010849661
2459537.80861	13.419319	0.010851743
2459540.68995	13.429202	0.010853007
2459550.61942	13.45391	0.0108562615
2459707.92263	13.449926	0.010855727
2459707.94931	13.418748	0.01085167
2459737.9504	13.404197	0.010849847
2459739.95439	13.421084	0.010851967
2459742.90948	13.430685	0.010853198
2459744.91221	13.423372	0.01085226
2459749.86251	13.453174	0.010856162
2459751.92416	13.427131	0.01085274
2459755.87125	13.449647	0.01085569
2459759.90641	13.452279	0.010856042
2459764.88397	13.467023	0.01085804
2459766.8865	13.472655	0.010858817
2459773.92421	13.440881	0.010854528
2459773.94389	13.477987	0.010859558
2459778.93807	13.479244	0.010859734
2459778.94815	13.458035	0.010856817
2459782.90866	13.443014	0.01085481
2459784.92413	13.433707	0.01085359
2459786.89228	13.442585	0.010854752
2459788.91214	13.452006	0.010856004
2459798.86558	13.437018	0.010854022
2459801.94958	13.452533	0.010856075
2459803.89074	13.467474	0.010858103
2459806.86443	13.427505	0.010852789
2459808.84701	13.469984	0.010858448
2459812.82662	13.449423	0.01085566
2459814.88815	13.453534	0.01085621
2459816.88911	13.432264	0.010853403
2459818.9081	13.459402	0.010857002
2459822.80585	13.466167	0.010857922
2459824.8237	13.449832	0.010855714
2459826.78807	13.472453	0.010858788
2459829.95097	13.448716	0.010855565
2459842.86804	13.454919	0.010856396
2459844.80375	13.462526	0.010857426
2459847.74518	13.442064	0.010854685
2459849.80641	13.4439535	0.010854933
2459851.80682	13.43042	0.010853164
2459854.78895	13.43585	0.01085387
2459856.73223	13.458386	0.010856864
2459858.69309	13.442296	0.010854715
2459860.68119	13.483618	0.010860348
2459866.68949	13.441825	0.010854652
2459869.68492	13.437942	0.010854143
2459871.68133	13.434048	0.010853635
2459873.68267	13.419754	0.010851798
2459877.84542	13.440082	0.010854424
2459879.7923	13.444017	0.010854942
2459881.74865	13.451192	0.010855896
2459883.80423	13.456379	0.010856592
2459888.79079	13.461973	0.01085735
2459894.64141	13.514228	0.010864769
2459896.64594	13.494487	0.010861893
2459898.76182	13.503657	0.010863218
2459900.74428	13.484152	0.010860424
2459902.66503	13.507128	0.010863723
2459904.71624	13.481701	0.010860079
2459906.65828	13.496238	0.010862145
2459908.65955	13.468155	0.010858196
2459913.66427	13.48166	0.010860073
2459922.6798	13.487143	0.010860847
2459924.68426	13.470834	0.010858566
2459930.78323	13.4461975	0.0108552305
2459933.66072	13.459119	0.010856963
2459935.72636	13.466182	0.010857925
2459937.70383	13.459066	0.010856956
2459958.64384	13.525025	0.0108663775
2459969.63708	13.507667	0.010863803
2459972.65795	13.490687	0.01086135
