JD	mag	mag_err
2458228.98577	14.791123	0.011190221
2458228.98669	14.835643	0.01273972
2458232.99934	14.825701	0.0127276
2458235.99977	14.805081	0.012702764
2458236.00069	14.799674	0.011200123
2458236.92842	14.827418	0.012729686
2458244.94843	14.843695	0.012749607
2458244.94935	14.801936	0.011202751
2458246.97001	14.823446	0.012724863
2458246.98377	14.808076	0.011209902
2458247.98524	14.813785	0.0112165725
2458247.98615	14.826804	0.01272894
2458252.96375	14.810809	0.011213093
2458254.94456	14.8226595	0.01122699
2458254.94548	14.842101	0.012747644
2458255.92718	14.799893	0.012696578
2458255.92809	14.836761	0.011243655
2458261.96912	14.796263	0.012692265
2458262.97564	14.811076	0.011213405
2458262.97612	14.826008	0.012727972
2458263.96345	14.8168335	0.011220146
2458263.96679	14.830001	0.01273283
2458267.96536	14.819744	0.012720384
2458267.96628	14.818999	0.011222687
2458268.96688	14.819216	0.011222941
2458268.9678	14.805771	0.012703587
2458269.97207	14.792541	0.01119186
2458269.97299	14.788624	0.0126832295
2458270.95211	14.812739	0.012711941
2458270.96905	14.81488	0.011217858
2458272.93155	14.851534	0.011261265
2458272.93246	14.831003	0.012734051
2458273.95056	14.796647	0.01269272
2458273.96406	14.821013	0.011225053
2458274.94405	14.825166	0.01272695
2458274.94497	14.832645	0.011238777
2458275.94864	14.874836	0.012788443
2458276.90668	14.844318	0.0112526445
2458276.90764	14.847681	0.012754525
2458277.94782	14.822384	0.011226665
2458277.94874	14.827359	0.012729615
2458278.93124	14.818276	0.0127186095
2458278.93408	14.821737	0.011225906
2458279.95497	14.865362	0.011277889
2458279.95589	14.843043	0.012748804
2458280.92597	14.863008	0.012773579
2458280.95364	14.848287	0.011257379
2458281.93039	14.845139	0.011253621
2458281.93364	14.8341875	0.01273794
2458282.92494	14.812741	0.012711942
2458282.92642	14.813473	0.011216209
2458283.92671	14.845969	0.01275241
2458283.95246	14.845155	0.011253642
2458285.94956	14.841721	0.011249549
2458285.95147	14.840066	0.012745143
2458286.93004	14.814678	0.012714272
2458286.93096	14.81821	0.01122176
2458287.93211	14.840878	0.011248546
2458287.93302	14.818691	0.01271911
2458288.93063	14.85835	0.011269441
2458288.93299	14.850191	0.012757629
2458289.92118	14.84221	0.012747778
2458289.9221	14.859185	0.011270445
2458290.95311	14.822661	0.011226992
2458290.9536	14.816807	0.012716838
2458291.95436	14.825182	0.01122996
2458291.95484	14.822061	0.012723186
2458292.95527	14.858914	0.012768467
2458293.95328	14.854818	0.011265201
2458293.9542	14.855084	0.0127636995
2458294.9561	14.833468	0.012737061
2458294.95701	14.828828	0.011234263
2458296.96629	14.8527775	0.012760836
2458296.96721	14.836251	0.01124305
2458297.94515	14.846659	0.012753262
2458297.97003	14.847277	0.011256173
2458298.97155	14.807408	0.011209123
2458298.9724500002	14.796936	0.012693064
2458299.95696	14.795771	0.01269168
2458299.96919	14.818118	0.011221653
2458300.97333	14.836004	0.012740162
2458301.82496	14.86325	0.012773883
2458301.97032	14.843403	0.011251553
2458302.9515	14.818064	0.0112215895
2458302.95336	14.818415	0.012718777
2458303.94259	14.802897	0.012700158
2458303.94449	14.819366	0.011223118
2458304.94677	14.830595	0.0127335545
2458305.95486	14.834257	0.012738025
2458305.97236	14.85231	0.011262193
2458307.94914	14.783617	0.012677336
2458307.95005	14.808644	0.0112105645
2458310.86597	14.849092	0.011258341
2458310.86687	14.832164	0.012735467
2458312.96493	14.832235	0.012735556
2458312.96585	14.824555	0.011229224
2458313.94748	14.831442	0.012734586
2458314.96536	14.848668	0.012755744
2458315.90227	14.823868	0.012725376
2458316.90769	14.784172	0.012677989
2458316.90912	14.810469	0.011212696
2458317.88237	14.838889	0.012743698
2458318.92591	14.858749	0.011269922
2458319.90622	14.800516	0.0126973195
2458319.90763	14.81951	0.011223288
2458320.95634	14.789537	0.012684306
2458320.95819	14.843559	0.011251738
2458321.9319	14.842318	0.012747911
2458321.93421	14.840214	0.011247756
2458322.94925	14.864725	0.01127712
2458322.95017	14.841264	0.012746616
2458323.95631	14.817893	0.012718148
2458324.95462	14.821457	0.011225575
2458324.95553	14.800993	0.012697887
2458325.90225	14.819183	0.011222903
2458325.95694	14.827034	0.012729219
2458326.9677	14.846728	0.012753348
2458326.98405	14.844334	0.011252662
2458327.97453	14.824639	0.011229321
2458327.97501	14.837659	0.01274219
2458329.94177	14.805467	0.012703224
2458330.95276	14.843823	0.012749765
2458330.97449	14.860109	0.011271557
2458331.96006	14.8141775	0.012713671
2458332.94952	14.790503	0.012685447
2458332.95	14.827575	0.011232781
2458333.81349	14.779214	0.012672173
2458333.94621	14.839392	0.011246779
2458334.82074	14.846141	0.011254818
2458336.82156	14.827483	0.011232676
2458337.89174	14.831877	0.011237867
2458337.89314	14.807969	0.012706217
2458338.8688	14.820484	0.012721277
2458338.87805	14.870692	0.011284333
2458342.91101	14.847151	0.012753869
2458342.91241	14.866314	0.011279038
2458343.88509	14.901013	0.011321395
2458343.886	14.853107	0.012761244
2458344.86262	14.825544	0.012727409
2458344.86353	14.855983	0.011266598
2458345.90838	14.823975	0.011228538
2458346.84523	14.871205	0.011284955
2458347.84697	14.898553	0.011318361
2458347.84788	14.890393	0.012808208
2458348.86226	14.843616	0.012749509
2458348.86411	14.85626	0.01126693
2458349.87731	14.832304	0.011238372
2458350.85613	14.840263	0.012745384
2458350.93468	14.85883	0.011270019
2458351.91679	14.903643	0.0128252385
2458351.91864	14.905261	0.011326641
2458352.88993	14.879475	0.012794311
2458352.89084	14.867936	0.011280999
2458360.86728	14.891196	0.012809237
2458360.91093	14.890721	0.01130874
2458361.88598	14.843507	0.012749374
2458361.88988	14.867469	0.011280432
2458362.76308	14.842102	0.011250003
2458363.80875	14.8211155	0.012722041
2458363.8106	14.843492	0.011251658
2458364.76195	14.904401	0.012826218
2458364.78501	14.898323	0.011318078
2458365.80195	14.905602	0.012827773
2458365.80287	14.89299	0.011311522
2458366.7611	14.855337	0.012764014
2458366.91031	14.838075	0.011245213
2458367.79093	14.815025	0.01271469
2458367.81549	14.825277	0.011230073
2458368.87056	14.871247	0.012783919
2458368.87147	14.899948	0.011320082
2458369.80478	14.908755	0.012831858
2458369.80569	14.903145	0.011324027
2458370.73722	14.86316	0.012773771
2458370.84397	14.842409	0.011250369
2458371.84548	14.814038	0.012713502
2458371.84639	14.826101	0.011231044
2458372.78431	14.840823	0.012746073
2458372.78522	14.859046	0.011270277
2458373.77249	14.874341	0.01278782
2458373.87351	14.8879795	0.01130538
2458374.76675	14.866065	0.012777408
2458374.78606	14.8495865	0.011258933
2458375.80303	14.817673	0.012717881
2458375.80487	14.8231325	0.011227547
2458375.8989	14.833047	0.011239252
2458376.80403	14.848263	0.012755243
2458376.80635	14.840079	0.011247597
2458377.77388	14.882688	0.0127983885
2458377.84863	14.908971	0.011331234
2458378.81553	14.876066	0.012789998
2458378.82839	14.869885	0.011283357
2458379.82282	14.81052	0.012709275
2458379.84565	14.815716	0.011218835
2458380.84923	14.873217	0.011287393
2458382.74674	14.885312	0.012801727
2458382.90734	14.8459425	0.01125458
2458383.74346	14.833135	0.012736652
2458384.79722	14.810366	0.01270909
2458384.83841	14.802925	0.011203902
2458385.85078	14.875249	0.01128986
2458385.86188	14.858513	0.012767967
2458386.67847	14.879114	0.012793855
2458387.7865	14.825968	0.011230887
2458387.78747	14.850415	0.012757906
2458388.80752	14.797495	0.012693728
2458388.82009	14.799978	0.011200476
2458389.68911	14.792083	0.012687314
2458389.70556	14.821608	0.0112257525
2458390.81514	14.901986	0.012823099
2458400.76588	14.843466	0.012749325
2458400.76636	14.858638	0.011269787
2458425.65199	14.905932	0.011327472
2458425.65246	14.90571	0.0128279105
2458426.719	14.835554	0.011242222
2458428.68271	14.800358	0.012697131
2458428.68412	14.837672	0.011244737
2458429.68517	14.868143	0.012780015
2458429.72425	14.874965	0.011289515
2458430.6631	14.852715	0.012760757
2458430.66401	14.879571	0.0112951165
2458431.61266	14.801666	0.012698689
2458431.72676	14.783563	0.011181506
2458432.68448	14.779906	0.012672984
2458434.65815	14.836591	0.011243452
2458434.65907	14.877218	0.012791454
2458435.684	14.824911	0.01272664
2458435.69531	14.830606	0.011236365
2458436.6527	14.801364	0.012698329
2458437.72374	14.893155	0.012811745
2458437.72465	14.871968	0.01128588
2458441.74977	14.887067	0.012803963
2458441.75163	14.878953	0.011294363
2458457.61555	14.797021	0.012693165
2458457.61696	14.827838	0.011233093
2458469.63333	14.8675785	0.012779307
2458469.65789	14.854897	0.011265294
2458472.63787	14.87056	0.012783054
2458472.65864	14.873089	0.011287238
2458482.63789	14.85039	0.012757877
2458482.63881	14.833128	0.011239349
2458483.61153	14.821648	0.012722684
2458483.61245	14.809782	0.011211893
2458487.63795	14.834876	0.012738782
2458487.66298	14.832972	0.011239163
2458488.63952	14.83078	0.01273378
2458491.63858	14.83048	0.011236214
2458491.65129	14.826312	0.012728342
2458493.65862	14.872025	0.012784898
2458493.65954	14.845046	0.011253511
2458494.63725	14.878475	0.012793046
2458494.64142	14.883837	0.011300316
2458503.68	14.821193	0.011225265
2458505.65589	14.836905	0.012741265
2458505.67695	14.832215	0.011238267
2458507.65727	14.836336	0.011243151
2458510.63443	14.866079	0.012777424
2458510.63583	14.84769	0.011256667
2458511.63556	14.856396	0.01276533
2458511.63647	14.833053	0.0112392595
2458593.96599	14.818234	0.012718559
2458607.9249	14.832721	0.012736147
2458607.97611	14.85413	0.011264374
2458608.95283	14.8060465	0.012703916
2458608.95374	14.79305	0.011192448
2458617.96959	14.741848	0.011134114
2458617.97006	14.781409	0.012674745
2458628.96696	14.835509	0.012739556
2458628.96743	14.832486	0.011238588
2458632.94344	14.828175	0.012730608
2458633.97462	14.813813	0.01271323
2458634.94996	14.800731	0.012697575
2458635.9619	14.799831	0.012696505
2458637.96879	14.839891	0.011247372
2458637.97016	14.815878	0.012715717
2458638.94831	14.794271	0.011193862
2458638.9506	14.798908	0.012695406
2458639.94439	14.80602	0.011207505
2458639.94635	14.789052	0.012683733
2458640.95314	14.8155985	0.012715381
2458640.95452	14.814601	0.011217528
2458641.9512	14.826096	0.011231038
2458641.95349	14.820836	0.012721704
2458642.92304	14.807514	0.011209247
2458642.92393	14.801829	0.012698884
2458643.95078	14.794063	0.012689656
2458643.95126	14.810751	0.011213025
2458644.95278	14.794973	0.011194674
2458644.95368	14.782678	0.012676233
2458645.95198	14.810682	0.0127094705
2458645.95289	14.800998	0.01120166
2458646.95395	14.816886	0.0112202065
2458648.94808	14.792648	0.011191983
2458648.95093	14.774346	0.012666486
2458649.97806	14.835015	0.011241585
2458650.97265	14.804042	0.012701523
2458650.97355	14.824684	0.011229374
2458652.96656	14.798561	0.011198832
2458652.96794	14.780338	0.012673491
2458653.88819	14.8140745	0.011216912
2458653.8891	14.79483	0.0126905665
2458657.9739	14.817698	0.011221159
2458657.97484	14.79274	0.012688091
2458663.96615	14.812588	0.011215172
2458665.96982	14.786269	0.012680455
2458665.97122	14.792068	0.011191312
2458666.97254	14.817466	0.012717632
2458666.97345	14.809175	0.011211183
2458667.92966	14.82452	0.012726166
2458667.95541	14.851765	0.0112615395
2458668.9537	14.803512	0.012700889
2458668.9556	14.817753	0.0112212235
2458669.95445	14.775055	0.012667313
2458669.95539	14.7960825	0.011195959
2458670.92779	14.802916	0.012700179
2458673.8508	14.796222	0.012692217
2458673.96229	14.78143	0.011179056
2458676.92646	14.7998	0.011200269
2458677.95324	14.7666	0.01265748
2458680.97085	14.816195	0.012716099
2458680.97363	14.841114	0.011248828
2458683.9678	14.819313	0.012719862
2458683.96871	14.830767	0.011236553
2458686.96907	14.7695	0.012660846
2458686.96998	14.777409	0.011174442
2458690.80877	14.804093	0.012701584
2458690.947	14.78121	0.011178804
2458693.90741	14.79443	0.011194044
2458693.90788	14.797795	0.012694086
2458696.90973	14.848769	0.01275587
2458696.91063	14.831274	0.011237155
2458699.93708	14.788014	0.012682511
2458705.9078	14.837289	0.01124428
2458706.92574	14.798571	0.012695005
2458708.95109	14.820622	0.011224594
2458709.97234	14.806646	0.012704635
2458712.96803	14.805914	0.012703759
2458714.97161	14.847081	0.011255941
2458717.88917	14.789204	0.012683913
2458717.8930099998	14.820188	0.011224084
2458717.89391	14.805828	0.011207281
2458720.90776	14.795823	0.011195658
2458720.90985	14.790428	0.011189419
2458722.91228	14.842893	0.011250946
2458723.90923	14.827468	0.011232657
2458723.91013	14.809644	0.011211731
2458725.82436	14.795069	0.012690848
2458726.90548	14.819809	0.011223638
2458727.88943	14.828493	0.012730994
2458727.89373	14.817034	0.011220381
2458730.81113	14.803095	0.012700392
2458730.81204	14.772474	0.012664305
2458730.81683	14.803093	0.011204097
2458730.81799	14.808174	0.011210016
2458732.81066	14.800751	0.012697599
2458732.89363	14.793951	0.011193491
2458733.82694	14.739545	0.012626454
2458733.82787	14.761901	0.012652044
2458734.89	14.745679	0.012633432
2458734.8909	14.769616	0.011165534
2458735.91347	14.807608	0.012705784
2458735.9323	14.817076	0.01122043
2458736.67125	14.809565	0.012708128
2458736.67277	14.814681	0.011217622
2458736.97145	14.781513	0.011179152
2458736.97193	14.757976	0.012647519
2458736.97241	14.767295	0.011162887
2458736.97288	14.767621	0.012658665
2458737.96972	14.753609	0.011147359
2458737.97063	14.732219	0.012618166
2458738.70114	14.751735	0.012640352
2458738.70538	14.741103	0.011133278
2458738.74138	14.736485	0.012622986
2458738.74276	14.742196	0.011134505
2458738.75107	14.728606	0.0126140965
2458738.75246	14.754893	0.011148811
2458738.9314	14.791139	0.012686199
2458738.93231	14.780533	0.011178026
2458739.63438	14.764025	0.012654499
2458739.70022	14.790001	0.012684854
2458739.70445	14.781614	0.011179267
2458739.74084	14.753226	0.012642062
2458739.74222	14.775195	0.011171908
2458739.75054	14.787974	0.012682464
2458739.75192	14.797194	0.011197245
2458739.99821	14.815099	0.011218112
2458740.7	14.826402	0.012728451
2458740.70426	14.829345	0.011234873
2458740.74115	14.846444	0.012752997
2458740.74253	14.827532	0.011232732
2458740.75083	14.849516	0.012756793
2458740.75222	14.826921	0.011232011
2458741.6969	14.801181	0.01269811
2458741.70114	14.817117	0.011220478
2458741.74123	14.788244	0.0126827825
2458741.74261	14.802001	0.011202828
2458741.75091	14.796869	0.012692984
2458741.7523	14.792367	0.011191659
2458741.98723	14.7570915	0.0111513
2458741.9877	14.735488	0.012621858
2458742.70144	14.761949	0.011156806
2458743.69751	14.7532425	0.012642081
2458743.70179	14.75513	0.01114908
2458743.74097	14.762836	0.012653125
2458743.74234	14.762044	0.011156916
2458743.75067	14.739892	0.012626848
2458743.75204	14.769866	0.011165819
2458743.89272	14.823523	0.0127249565
2458743.89552	14.814298	0.011217173
2458744.69653	14.809349	0.012707871
2458744.70082	14.815478	0.011218556
2458744.74138	14.835048	0.0127389915
2458744.74276	14.832182	0.0112382285
2458744.75107	14.827795	0.012730144
2458744.75246	14.8331585	0.011239383
2458745.69667	14.818706	0.012719127
2458745.70098	14.813509	0.01121625
2458745.74153	14.799569	0.012696193
2458745.74292	14.808973	0.011210948
2458745.75124	14.79092	0.012685939
2458745.75262	14.810644	0.011212899
2458747.6966	14.743386	0.01263082
2458747.70095	14.765807	0.011161194
2458747.73997	14.743445	0.012630886
2458747.74136	14.765786	0.01116117
2458747.74965	14.737303	0.012623913
2458747.75104	14.752559	0.011146173
2458748.69548	14.815816	0.012715641
2458748.69984	14.790655	0.011189681
2458748.74121	14.81081	0.012709623
2458748.74259	14.826181	0.01123114
2458748.7509	14.821076	0.012721994
2458748.75229	14.823597	0.011228094
2458748.76519	14.802571	0.011203489
2458749.69728	14.821729	0.012722784
2458749.70168	14.816743	0.011220039
2458749.74103	14.826841	0.012728985
2458749.74242	14.805927	0.011207396
2458749.75074	14.825168	0.012726951
2458749.75213	14.817321	0.011220718
2458750.6976	14.745759	0.012633522
2458750.70202	14.743349	0.0111358
2458750.74138	14.731992	0.01261791
2458750.74277	14.740145	0.011132203
2458750.75108	14.724515	0.0126095
2458750.75247	14.741669	0.011133912
2458751.69524	14.721319	0.012605921
2458751.69966	14.726489	0.01111695
2458751.74255	14.717412	0.0111068785
2458754.69496	14.768489	0.012659673
2458754.69945	14.76427	0.011159444
2458754.74045	14.736741	0.0126232775
2458754.74184	14.763943	0.011159073
2458754.75016	14.742967	0.0126303425
2458754.75154	14.759256	0.011153752
2458757.91799	14.757927	0.011152247
2458758.71176	14.782454	0.012675971
2458758.74564	14.785518	0.01267957
2458758.74703	14.773477	0.011169942
2458758.75536	14.7733755	0.012665355
2458758.75675	14.765445	0.011160782
2458758.84712	14.741797	0.012629013
2458758.8485	14.743205	0.011135637
2458759.74494	14.728047	0.012613468
2458759.75465	14.722616	0.012607373
2458760.69614	14.75769	0.01264719
2458760.70084	14.742672	0.011135038
2458760.74177	14.760984	0.012650987
2458760.74316	14.745074	0.011137739
2458760.7515	14.748015	0.012636097
2458760.75288	14.768664	0.011164449
2458760.8455	14.778557	0.012671404
2458760.84688	14.79173	0.011190922
2458761.69517	14.785542	0.012679598
2458761.69989	14.788796	0.011187536
2458761.74071	14.790779	0.012685773
2458761.74209	14.802889	0.011203858
2458761.75044	14.78641	0.012680621
2458761.75182	14.814186	0.011217043
2458761.77121	14.771178	0.012662797
2458761.77211	14.7968	0.011196788
2458762.69435	14.781945	0.012675375
2458762.69911	14.793322	0.011192762
2458762.74536	14.789788	0.01118868
2458762.7537000002	14.751083	0.012639606
2458762.75509	14.78073	0.011178252
2458763.69571	14.728805	0.012614319
2458763.70052	14.731947	0.011123031
2458763.74166	14.729651	0.012615272
2458763.74305	14.732026	0.01112312
2458763.75139	14.717765	0.01260195
2458763.75278	14.745962	0.011138736
2458764.68362	14.730432	0.012616151
2458764.68501	14.740988	0.011133148
2458764.73273	14.748329	0.012636456
2458764.73363	14.727428	0.011117996
2458764.73956	14.777858	0.012670587
2458764.74046	14.732756	0.011123935
2458765.6843	14.784172	0.012677989
2458765.68569	14.7710905	0.011167216
2458765.73135	14.79276	0.012688114
2458765.73225	14.792853	0.011192221
2458765.73818	14.77801	0.012670765
2458765.73908	14.79223	0.011191499
2458766.68287	14.809215	0.012707709
2458766.68426	14.817325	0.011220722
2458766.73244	14.780914	0.012674165
2458766.73334	14.801587	0.011202346
2458766.73926	14.782893	0.012676487
2458766.74016	14.7996855	0.0112001365
2458767.68038	14.746337	0.012634181
2458767.68177	14.750964	0.011144373
2458768.68097	14.722864	0.012607652
2458768.68236	14.737424	0.011129155
2458768.73102	14.7301655	0.012615851
2458768.73192	14.754773	0.011148675
2458768.73784	14.736951	0.012623515
2458768.73874	14.724274	0.011114487
2458769.6809	14.774138	0.012666245
2458769.68229	14.773859	0.011170379
2458769.73241	14.790771	0.012685764
2458769.73332	14.81556	0.011218653
2458769.73923	14.791657	0.01268681
2458769.74013	14.793149	0.011192562
2458770.68094	14.813002	0.012712256
2458770.68233	14.792749	0.0111921
2458770.73138	14.811463	0.012710407
2458770.73228	14.829757	0.01123536
2458770.73821	14.816875	0.01271692
2458770.73911	14.802419	0.011203312
2458771.68117	14.76128	0.012651327
2458771.68255	14.792498	0.0111918105
2458771.73242	14.759222	0.012648954
2458771.73333	14.765601	0.0111609595
2458771.73925	14.739879	0.012626834
2458771.74015	14.752826	0.011146476
2458772.68155	14.723437	0.012608293
2458772.68294	14.7467785	0.011139656
2458774.68007	14.790684	0.01268566
2458774.68145	14.804783	0.0112060625
2458775.68016	14.818443	0.012718811
2458775.68154	14.789958	0.011188876
2458776.67938	14.754484	0.012643506
2458776.68077	14.743415	0.011135873
2458777.67983	14.742658	0.012629991
2458777.68122	14.75728	0.011151513
2458778.68002	14.794682	0.01269039
2458778.68141	14.81775	0.011221221
2458779.67982	14.789781	0.012684594
2458779.68121	14.794361	0.011193966
2458781.6793	14.713449	0.012597144
2458781.68068	14.738726	0.011130611
2458782.67811	14.770383	0.0126618715
2458782.6795	14.801688	0.011202463
2458783.67915	14.814801	0.01271442
2458783.68053	14.829035	0.011234507
2458785.67882	14.743069	0.012630459
2458785.68021	14.765512	0.011160858
2458786.68899	14.811611	0.01121403
2458787.67755	14.810927	0.012709765
2458787.67894	14.820653	0.01122463
2458788.67846	14.768703	0.012659921
2458788.67985	14.797547	0.011197656
2458789.67886	14.724402	0.012609374
2458789.68024	14.7458515	0.011138612
2458790.76398	14.813806	0.011216598
2458790.76489	14.770983	0.01266257
2458791.66957	14.805203	0.011206552
2458791.68086	14.796496	0.012692542
2458793.65035	14.741248	0.012628388
2458793.65126	14.783249	0.011181146
2458793.66623	14.758779	0.012648444
2458793.66898	14.777377	0.011174407
2458794.66872	14.768874	0.011164688
2458795.65324	14.797352	0.012693558
2458795.68255	14.821301	0.011225392
2458796.67534	14.811451	0.0127103925
2458796.69662	14.812769	0.011215384
2458796.70395	14.826814	0.011231884
2458797.66884	14.782419	0.01267593
2458798.65797	14.770696	0.011166766
2458798.66254	14.758783	0.012648449
2458800.68281	14.795383	0.012691221
2458800.68328	14.82317	0.011227591
2458806.68901	14.77303	0.011169431
2458811.59702	14.745971	0.012633765
2458811.68435	14.753863	0.011147648
2458819.68241	14.739014	0.012625852
2458829.6046	14.7709255	0.012662503
2458829.60603	14.796687	0.011196658
2458833.61523	14.758149	0.012647718
2458833.61571	14.786632	0.01118504
2458836.61107	14.785331	0.011183543
2458836.62147	14.770399	0.01266189
2458849.61987	14.774116	0.011170673
2458850.6527	14.752239	0.01264093
2458850.65691	14.784245	0.011182291
2458853.59749	14.806618	0.0127046
2458856.59409	14.833563	0.012737176
2458856.59644	14.817861	0.01122135
2458859.60209	14.780574	0.0111780735
2458862.61933	14.785951	0.011184256
2458863.61709	14.759511	0.0126492875
2458872.65935	14.808134	0.0112099685
2458873.61599	14.783486	0.012677183
2458875.63864	14.756129	0.01115021
2458881.63406	14.776495	0.011173396
2458885.61167	14.774946	0.011171623
2458941.9864	14.702399	0.0125849135
2458964.96635	14.752262	0.012640957
2458968.9692700002	14.769633	0.011165554
2458968.97019	14.744644	0.012632251
2458971.94473	14.748292	0.012636414
2458979.9407	14.779531	0.011176875
2458981.96426	14.748185	0.012636293
2458981.96474	14.760301	0.011154938
2458987.94567	14.784717	0.011182833
2458987.94661	14.7730465	0.012664972
2458992.96939	14.754152	0.012643123
2458996.92102	14.767264	0.0126582505
2458996.95394	14.779055	0.01117633
2458999.91017	14.785302	0.011183509
2459010.97197	14.77491	0.011171582
2459010.9724500002	14.750548	0.012638994
2459013.89153	14.809408	0.012707941
2459016.87209	14.807607	0.012705783
2459019.84597	14.784924	0.011183072
2459019.84832	14.7776785	0.012670377
2459022.89082	14.808343	0.0112102125
2459022.89129	14.778883	0.012671786
2459025.84201	14.817748	0.011221218
2459025.84391	14.799862	0.01269654
2459028.89343	14.79304	0.011192437
2459028.89436	14.765287	0.01265596
2459031.84532	14.821849	0.011226036
2459031.84725	14.798697	0.012695156
2459034.96847	14.813078	0.011215746
2459034.96988	14.8235	0.012724929
2459035.95306	14.794387	0.01269004
2459035.95568	14.796709	0.011196683
2459036.73886	14.769853	0.012661256
2459037.84435	14.818503	0.012718884
2459037.84721	14.8041115	0.011205282
2459038.97008	14.826327	0.011231311
2459038.97152	14.807091	0.012705166
2459039.84669	14.800457	0.012697248
2459039.87084	14.817979	0.01122149
2459040.96669	14.783127	0.0126767615
2459040.96763	14.798234	0.011198452
2459041.87702	14.817136	0.012717234
2459042.82425	14.814468	0.01271402
2459042.87402	14.835796	0.01124251
2459043.84391	14.8042	0.01270171
2459043.87381	14.832709	0.0112388525
2459044.86767	14.803436	0.011204497
2459045.9515	14.815292	0.011218339
2459046.86898	14.816589	0.012716575
2459046.86946	14.832097	0.011238128
2459046.9898	14.842944	0.011251005
2459047.94773	14.817543	0.011220977
2459048.94837	14.796781	0.011196767
2459049.94759	14.817487	0.012717657
2459049.94853	14.817778	0.011221253
2459050.9304	14.834778	0.011241303
2459051.94813	14.823633	0.011228137
2459052.94768	14.770488	0.0126619935
2459052.94861	14.807894	0.011209689
2459053.88567	14.822399	0.011226684
2459053.88615	14.803566	0.012700954
2459053.92825	14.81607	0.01121925
2459054.9509	14.828172	0.011233487
2459055.89913	14.790754	0.012685744
2459055.90054	14.817232	0.0112206135
2459056.92573	14.807057	0.011208714
2459057.90973	14.819715	0.011223528
2459057.91442	14.821441	0.011225556
2459057.91583	14.803748	0.012701171
2459059.90104	14.789494	0.012684257
2459059.90198	14.832277	0.01123834
2459060.85269	14.793459	0.012688941
2459060.86827	14.808036	0.011209856
2459061.97656	14.816804	0.0112201115
2459062.92728	14.82686	0.01123194
2459062.92821	14.814817	0.01271444
2459065.73724	14.795059	0.012690837
2459065.76173	14.798909	0.011199235
2459066.8311	14.788715	0.012683338
2459066.83391	14.821522	0.011225651
2459067.85079	14.7985115	0.012694935
2459067.85222	14.816234	0.011219443
2459068.94767	14.797141	0.012693307
2459068.94814	14.787656	0.011186221
2459069.00467	14.799595	0.011200031
2459069.81978	14.798157	0.012694513
2459070.84398	14.789734	0.012684538
2459071.90747	14.800549	0.012697359
2459071.92812	14.80361	0.011204698
2459071.93674	14.793756	0.012689292
2459071.93722	14.812717	0.0112153245
2459072.88592	14.779702	0.011177073
2459072.88685	14.802692	0.012699912
2459073.8663	14.799175	0.011199543
2459073.86678	14.790031	0.012684891
2459075.8478	14.791851	0.0126870405
2459075.86552	14.813576	0.0112163285
2459075.87692	14.795614	0.011195415
2459075.89602	14.790426	0.012685356
2459077.84668	14.76501	0.012655639
2459077.85823	14.771618	0.011167818
2459077.88781	14.764307	0.012654825
2459078.86807	14.767565	0.012658599
2459078.87004	14.784735	0.011182856
2459079.84378	14.783807	0.012677559
2459079.84425	14.786547	0.011184942
2459080.8879	14.777591	0.011174651
2459080.88983	14.769348	0.012660669
2459080.90764	14.747886	0.012635949
2459080.90812	14.76278	0.011157752
2459081.80252	14.75579	0.012645004
2459081.80726	14.769171	0.011165027
2459081.81768	14.76177	0.012651895
2459081.84476	14.766585	0.011162079
2459082.83831	14.765358	0.011160683
2459084.81754	14.772516	0.012664354
2459084.84585	14.784973	0.011183131
2459084.85636	14.78579	0.011184071
2459085.8421	14.769917	0.0126613295
2459085.84352	14.791678	0.011190862
2459085.84445	14.780604	0.011178109
2459085.84635	14.777146	0.012669755
2459086.80121	14.770852	0.011166944
2459086.80265	14.732923	0.012618959
2459088.80534	14.763337	0.012653704
2459088.80581	14.7881775	0.011186821
2459089.77159	14.765432	0.012656128
2459089.79347	14.789876	0.011188781
2459089.88751	14.784681	0.011182794
2459089.88843	14.744897	0.0126325395
2459090.77	14.751989	0.012640645
2459091.75273	14.767729	0.01265879
2459091.78399	14.788549	0.011187251
2459092.77105	14.774329	0.012666467
2459092.81175	14.791064	0.011190152
2459093.90914	14.7890005	0.01118777
2459093.93434	14.778629	0.012671489
2459095.79029	14.756168	0.012645439
2459095.79174	14.771927	0.011168172
2459097.84295	14.785742	0.011184015
2459097.9135	14.789626	0.011188492
2459097.91444	14.787573	0.012681989
2459099.88396	14.750418	0.012638844
2459107.86446	14.7649975	0.011160271
2459109.80504	14.775008	0.012667258
2459109.80645	14.79216	0.011191417
2459110.85662	14.83353	0.011239825
2459111.84955	14.762917	0.011157907
2459112.78085	14.786568	0.011184965
2459112.78179	14.767843	0.012658923
2459114.83664	14.79454	0.011194173
2459115.72359	14.787317	0.012681688
2459115.72406	14.809072	0.011211064
2459115.73817	14.783941	0.012677717
2459115.7634	14.78528	0.0111834835
2459116.74086	14.78156	0.012674921
2459116.74133	14.767324	0.011162922
2459117.74483	14.744031	0.012631553
2459117.74531	14.784675	0.011182786
2459118.86982	14.793348	0.011192793
2459118.87031	14.780055	0.012673158
2459119.73075	14.80375	0.011204861
2459119.73172	14.790015	0.012684871
2459120.73935	14.754066	0.012643026
2459120.73983	14.761086	0.011155829
2459121.78635	14.768667	0.0126598785
2459121.78922	14.767506	0.011163129
2459122.75066	14.770755	0.012662305
2459122.7516	14.772851	0.011169228
2459123.7064	14.7806835	0.011178198
2459123.70828	14.77757	0.01267025
2459125.74216	14.754276	0.011148114
2459125.7431	14.765741	0.012656487
2459126.73892	14.76863	0.012659836
2459129.80269	14.767585	0.011163218
2459129.82571	14.757602	0.01264709
2459131.77295	14.767707	0.012658765
2459131.77391	14.768836	0.011164644
2459134.72027	14.754344	0.012643345
2459134.72075	14.774489	0.0111711
2459136.7234	14.798591	0.011198867
2459136.72583	14.761285	0.012651333
2459138.72451	14.748103	0.012636198
2459138.74828	14.753909	0.011147698
2459140.68787	14.781186	0.012674483
2459140.70125	14.775916	0.011172734
2459144.65303	14.76445	0.012654992
2459149.74453	14.798017	0.012694347
2459149.74852	14.799212	0.011199587
2459151.70797	14.763722	0.011158822
2459151.70844	14.752566	0.012641306
2459153.69933	14.811171	0.012710056
2459153.70119	14.802246	0.011203111
2459155.65642	14.762529	0.012652771
2459155.69878	14.787616	0.011186173
2459157.64447	14.800132	0.012696862
2459157.66666	14.812398	0.011214951
2459164.74305	14.723146	0.0126079675
2459164.76092	14.751934	0.011145468
2459169.7212	14.772726	0.0126645975
2459169.74047	14.815911	0.011219064
2459171.66633	14.813154	0.0127124395
2459171.68224	14.802912	0.011203886
2459173.75138	14.781496	0.012674847
2459178.61767	14.788291	0.011186953
2459178.6186	14.808242	0.012706544
2459180.65379	14.800491	0.0112010725
2459181.63541	14.757338	0.012646785
2459182.63697	14.76322	0.011158252
2459183.64341	14.764495	0.012655043
2459184.66198	14.783558	0.011181501
2459185.5958	14.762151	0.012652333
2459186.6377	14.759261	0.011153758
2459187.61349	14.762996	0.01265331
2459188.67537	14.783777	0.011181753
2459189.62305	14.770965	0.012662549
2459192.68281	14.771074	0.012662675
2459193.66266	14.766353	0.011161815
2459194.69977	14.754346	0.0126433475
2459195.68035	14.756068	0.01115014
2459199.67845	14.7621155	0.012652292
2459199.7001	14.749318	0.0111425165
2459202.67902	14.734546	0.012620794
2459202.7029	14.755161	0.011149115
2459204.61688	14.745107	0.012632779
2459204.74508	14.765492	0.011160835
2459205.61477	14.784711	0.012678622
2459210.68136	14.769504	0.011165405
2459210.68323	14.776956	0.0111739235
2459210.70466	14.760639	0.012650589
2459211.61978	14.767257	0.0111628445
2459215.63754	14.765735	0.01116111
2459215.63848	14.760117	0.011154727
2459218.62171	14.762044	0.01265221
2459219.61885	14.773927	0.011170458
2459219.61979	14.772773	0.011169137
2459220.64277	14.73248	0.01261846
2459223.63771	14.788152	0.011186792
2459224.67842	14.736187	0.01262265
2459226.68177	14.784273	0.012678106
2459227.61699	14.805479	0.011206875
2459230.65531	14.768201	0.012659337
2459231.61872	14.794529	0.011194159
2459232.62316	14.766717	0.012657615
2459322.95043	14.781779	0.012675178
2459325.9441	14.75823	0.012647812
2459356.95146	14.861356	0.011273058
2459359.96452	14.796671	0.011196639
2459361.96155	14.860205	0.012770076
2459364.8867	14.802105	0.012699213
2459367.95285	14.803713	0.01270113
2459369.91353	14.861199	0.01127287
2459370.92156	14.847754	0.012754614
2459373.94159	14.877194	0.011292224
2459373.94349	14.82995	0.0127327675
2459375.92764	14.827032	0.011232142
2459376.88575	14.816336	0.012716269
2459377.95144	14.869791	0.011283243
2459378.92943	14.874464	0.012787974
2459379.92671	14.85071	0.0112602785
2459382.9282	14.852181	0.012760095
2459385.90706	14.82435	0.01272596
2459386.94943	14.87233	0.012785283
2459387.89308	14.851891	0.012759734
2459390.95564	14.872567	0.012785583
2459391.92889	14.860518	0.012770469
2459391.93142	14.876023	0.011290801
2459392.94301	14.815948	0.012715802
2459392.94348	14.850331	0.011259826
2459393.84356	14.806879	0.011208506
2459394.86991	14.866474	0.012777922
2459394.88192	14.862099	0.011273952
2459395.89749	14.8997965	0.011319894
2459396.93092	14.843859	0.012749808
2459396.94289	14.857381	0.011268278
2459397.94654	14.820797	0.012721657
2459397.94811	14.8359375	0.011242678
2459400.88337	14.894915	0.011313886
2459400.90829	14.850624	0.012758166
2459401.90648	14.8342705	0.0112407
2459402.84827	14.801073	0.012697983
2459402.94919	14.857821	0.011268805
2459403.91012	14.881824	0.011297861
2459404.88646	14.896838	0.011316251
2459404.91184	14.856381	0.012765313
2459405.94946	14.83735	0.011244354
2459408.88886	14.911256	0.011334068
2459408.88934	14.874346	0.012787826
2459409.90542	14.872539	0.011286571
2459410.95166	14.838648	0.012743402
2459411.82947	14.878222	0.0112934755
2459412.94893	14.884689	0.012800936
2459414.90723	14.870361	0.011283932
2459415.94852	14.891482	0.012809603
2459418.95542	14.867652	0.011280655
2459418.95636	14.876879	0.012791026
2459422.94736	14.872168	0.011286122
2459424.78603	14.885389	0.012801825
2459424.79777	14.880818	0.0112966355
2459426.86917	14.860854	0.012770887
2459426.87058	14.888401	0.011305896
2459428.80965	14.88198	0.011298051
2459428.81012	14.861523	0.012771723
2459430.82838	14.880692	0.012795854
2459430.91444	14.899414	0.011319423
2459435.89099	14.88077	0.012795955
2459435.91218	14.879838	0.011295441
2459438.88849	14.87221	0.012785131
2459438.89092	14.898344	0.011318105
2459440.91188	14.870882	0.012783459
2459443.82843	14.871257	0.012783932
2459443.84942	14.87521	0.011289814
2459446.94726	14.886334	0.01280303
2459448.84027	14.88175	0.011297772
2459449.74747	14.878941	0.012793635
2459450.92499	14.916364	0.011340419
2459451.72942	14.887405	0.012804395
2459453.72879	14.891853	0.0128100775
2459453.88894	14.886315	0.011303345
2459455.74886	14.902723	0.012824051
2459455.8272	14.91828	0.011342806
2459459.80801	14.90347	0.012825015
2459459.83073	14.907733	0.011329701
2459461.74969	14.888458	0.012805738
2459461.75016	14.903269	0.011324179
2459463.75083	14.884161	0.012800261
2459463.85301	14.910918	0.01133365
2459465.80935	14.906723	0.01132845
2459465.8254	14.881778	0.012797233
2459467.72278	14.8792715	0.011294751
2459467.72372	14.880164	0.012795187
2459469.76452	14.926708	0.011353341
2459469.76597	14.918584	0.012844657
2459471.78976	14.864766	0.01277578
2459471.79119	14.895258	0.011314307
2459473.8714	14.931281	0.011359079
2459473.8965	14.909377	0.012832664
2459476.75642	14.891408	0.011309581
2459478.8304	14.890804	0.012808735
2459478.83088	14.925026	0.011351232
2459480.81186	14.907242	0.012829894
2459480.85338	14.967754	0.01140543
2459485.76816	14.915315	0.012840388
2459485.76911	14.928793	0.011355954
2459487.76641	14.876617	0.012790694
2459487.76831	14.900082	0.011320245
2459489.74849	14.904211	0.012825973
2459489.74896	14.90494	0.011326244
2459497.84694	14.916159	0.011340165
2459497.84743	14.901195	0.012822078
2459502.88881	14.939082	0.012871682
2459502.8908	14.9647455	0.011401567
2459504.72594	14.905549	0.012827702
2459510.71909	14.882464	0.012798105
2459510.76229	14.913938	0.011337401
2459517.68151	14.926498	0.01285504
2459517.68293	14.90803	0.011330068
2459520.78795	14.934126	0.012865107
2459520.78843	14.933738	0.011362167
2459522.72789	14.888793	0.011306375
2459522.74772	14.861494	0.0127716875
2459524.65872	14.941157	0.011371527
2459524.65967	14.956725	0.0128953
2459526.68526	14.865399	0.012776573
2459526.72623	14.852181	0.011262039
2459529.74093	14.91726	0.012842928
2459529.76036	14.907158	0.011328988
2459531.81633	14.88367	0.012799637
2459531.84104	14.88771	0.01130505
2459536.79851	14.899173	0.012819473
2459537.7442	14.942763	0.011373559
2459538.69754	14.941381	0.012874741
2459540.80035	14.881855	0.011297897
2459542.61474	14.9238205	0.012851519
2459550.73756	14.968407	0.011406268
2459687.94215	14.807023	0.012705085
2459710.96446	14.869253	0.01278141
2459713.94624	14.812988	0.012712238
2459731.91185	14.808345	0.012706667
2459733.94969	14.836496	0.012740764
2459735.95287	14.791111	0.012686164
2459737.9254	14.891122	0.01130923
2459738.90614	14.7899885	0.01268484
2459739.87328	14.765872	0.011161268
2459741.92385	14.874943	0.01278858
2459742.95072	14.8189535	0.0112226335
2459743.9318	14.78442	0.01267828
2459744.95084	14.870659	0.011284294
2459748.91537	14.79907	0.012695599
2459749.92419	14.862448	0.011274373
2459750.90673	14.851403	0.012759131
2459751.94766	14.781318	0.011178927
2459755.90286	14.813997	0.011216821
2459755.90333	14.796365	0.012692386
2459757.87151	14.82547	0.0112303
2459757.88498	14.812537	0.012711696
2459757.92798	14.820481	0.012721274
2459757.92846	14.845444	0.011253986
2459759.94632	14.8160305	0.0127159
2459759.94826	14.799905	0.011200392
2459762.85937	14.8561325	0.011266777
2459762.85984	14.847366	0.012754136
2459764.93306	14.7697	0.012661078
2459764.93355	14.790684	0.011189713
2459766.93203	14.848846	0.012755965
2459766.93251	14.867669	0.011280675
2459769.90539	14.780284	0.012673426
2459769.92643	14.808387	0.011210264
2459769.95138	14.80924	0.01121126
2459769.95185	14.783207	0.012676856
2459771.89353	14.852368	0.011262263
2459771.91594	14.821363	0.012722341
2459771.92561	14.8249855	0.012726731
2459771.9475600002	14.835197	0.0112418
2459780.90331	14.813572	0.011216324
2459780.95413	14.807573	0.011209316
2459782.83135	14.753446	0.012642313
2459782.83182	14.801548	0.0112023
2459784.89616	14.842756	0.011250782
2459784.89665	14.798939	0.012695443
2459786.85287	14.762803	0.012653086
2459786.95247	14.817991	0.011221503
2459788.9507400002	14.81856	0.011222172
2459790.86545	14.783022	0.011180885
2459797.91018	14.7897415	0.012684548
2459798.88853	14.792365	0.011191655
2459800.88962	14.798648	0.012695097
2459801.8352	14.815112	0.011218128
2459802.93251	14.813014	0.01271227
2459806.76983	14.782506	0.012676031
2459806.95147	14.806412	0.011207961
2459808.76462	14.800646	0.011201251
2459810.74871	14.798537	0.012694966
2459812.80627	14.793191	0.0111926105
2459812.80675	14.779924	0.0126730045
2459814.82832	14.82043	0.011224368
2459814.82881	14.806527	0.012704491
2459816.78168	14.80086	0.011201501
2459816.78462	14.7886305	0.012683237
2459818.82598	14.829645	0.012732396
2459818.84112	14.830773	0.011236562
2459820.77905	14.810638	0.011212894
2459820.78199	14.784163	0.012677978
2459822.83245	14.819863	0.012720528
2459822.83387	14.826199	0.011231159
2459824.77357	14.806211	0.012704114
2459824.84644	14.821935	0.011226137
2459826.83207	14.834894	0.012738803
2459826.83254	14.828329	0.011233673
2459829.88805	14.823557	0.011228046
2459829.91424	14.826553	0.012728635
2459838.66372	14.824552	0.012726204
2459840.80506	14.828228	0.011233553
2459840.88047	14.815619	0.011218723
2459841.70659	14.802633	0.012699842
2459841.77369	14.813716	0.012713114
2459842.81214	14.830229	0.011235918
2459843.82578	14.8399935	0.0127450535
2459844.76593	14.832125	0.011238161
2459845.7505200002	14.81125	0.01271015
2459847.79976	14.852958	0.011262969
2459847.803	14.846272	0.012752785
2459849.72646	14.817426	0.012717584
2459849.76928	14.834694	0.011241203
2459851.72007	14.83634	0.012740573
2459851.76378	14.845729	0.0112543255
2459853.78819	14.812764	0.012711969
2459854.76615	14.847783	0.011256779
2459855.77025	14.824384	0.012726001
2459856.76338	14.856834	0.01126762
2459857.78304	14.823511	0.012724943
2459858.88643	14.835671	0.011242362
2459859.92352	14.823034	0.012724366
2459860.75072	14.853802	0.0112639805
2459861.70566	14.815016	0.012714678
2459862.6868	14.843344	0.011251482
2459863.8278799998	14.85469	0.012763208
2459864.64026	14.870102	0.011283618
2459865.72916	14.8359	0.012740035
2459866.72419	14.843414	0.011251567
2459867.72599	14.824537	0.012726188
2459869.64225	14.851178	0.011260837
2459870.82859	14.800515	0.012697319
2459871.72701	14.826445	0.011231449
2459872.77987	14.827604	0.012729912
2459873.70646	14.855289	0.011265766
2459874.70563	14.837427	0.012741906
2459877.72117	14.840061	0.012745137
2459877.739	14.865274	0.011277783
2459879.81085	14.830777	0.012733776
2459879.8118	14.854181	0.011264436
2459881.83138	14.84833	0.0112574315
2459881.847	14.853623	0.012761885
2459883.68117	14.866873	0.012778421
2459896.6861	14.874216	0.0127876615
2459896.68659	14.887142	0.011304355
2459898.66217	14.845209	0.012751473
2459898.70989	14.846451	0.011255188
2459902.78497	14.848915	0.011258132
2459902.80933	14.841001	0.012746291
2459904.66412	14.913638	0.01133703
2459906.68254	14.853318	0.011263402
2459906.70527	14.847647	0.012754482
2459908.61666	14.873982	0.012787366
2459908.61759	14.872325	0.011286312
2459910.63688	14.874582	0.01128905
2459910.63735	14.855218	0.012763865
2459913.62032	14.946365	0.01288139
2459913.6208	14.93957	0.011369522
2459922.72849	14.842595	0.011250589
2459922.73966	14.860749	0.012770756
2459924.65642	14.831863	0.0127351
2459930.72219	14.9207115	0.012847442
2459930.72415	14.89056	0.011308541
2459935.6937	14.826638	0.012728739
2459935.69419	14.852677	0.011262633
2459937.76398	14.885962	0.011302913
2459951.64179	14.899448	0.0128198275
2459969.67834	14.812525	0.011215099
