JD	mag	mag_err
2458228.98554	14.685856	0.011230208
2458236.00045	14.678797	0.011221576
2458244.9491	14.743172	0.011301475
2458246.98352	14.692818	0.011238753
2458247.985	14.704639	0.011253332
2458254.94432	14.723948	0.011277336
2458255.92784	14.682239	0.011225781
2458262.97539	14.678739	0.011221505
2458263.96321	14.683587	0.01122743
2458267.96604	14.696114	0.011242809
2458268.96665	14.714571	0.0112656485
2458269.97184	14.700933	0.011248752
2458270.96881	14.67386	0.0112155555
2458272.93132	14.68744	0.011232151
2458273.96383	14.734815	0.011290952
2458274.94474	14.736284	0.011292798
2458276.90645	14.723284	0.011276506
2458277.9476	14.740744	0.0112984115
2458278.93386	14.721717	0.01127455
2458279.95475	14.718104	0.011270046
2458280.95342	14.699608	0.011247116
2458281.93017	14.719626	0.011271943
2458282.9262	14.700321	0.011247995
2458283.95225	14.705445	0.011254329
2458285.94935	14.701224	0.011249112
2458286.93075	14.734037	0.011289975
2458287.93191	14.717536	0.011269338
2458288.93043	14.670281	0.011211203
2458289.9219	14.701841	0.011249875
2458290.95292	14.695977	0.01124264
2458291.95417	14.70378	0.011252269
2458293.9531	14.728398	0.011282903
2458294.95683	14.728786	0.011283388
2458296.96703	14.697713	0.011244779
2458297.96985	14.7031765	0.011251524
2458298.97138	14.677234	0.011219667
2458299.96902	14.682338	0.0112259025
2458301.97016	14.689381	0.01123453
2458302.95134	14.673629	0.011215275
2458303.94433	14.733539	0.011289349
2458304.94571	14.7364435	0.011292999
2458305.97221	14.72121	0.011273918
2458307.94991	14.71151	0.011261845
2458310.86584	14.714478	0.011265533
2458312.96572	14.725659	0.011279475
2458316.90901	14.730797	0.0112859085
2458318.92581	14.6956625	0.011242253
2458319.90753	14.717429	0.011269206
2458320.9581	14.722365	0.011275359
2458321.93412	14.731375	0.011286634
2458322.94917	14.7032385	0.0112515995
2458323.95574	14.667422	0.0112077305
2458324.95454	14.69595	0.011242607
2458325.90217	14.699843	0.011247407
2458326.98398	14.716929	0.011268583
2458327.97446	14.710732	0.011260881
2458329.93833	14.725039	0.014327437
2458329.93878	14.714102	0.01432011
2458330.97443	14.68437	0.011228389
2458332.94996	14.671275	0.01121241
2458333.94616	14.6845255	0.011228579
2458334.8207	14.688237	0.011233128
2458336.82153	14.691703	0.011237382
2458337.89171	14.678292	0.01122096
2458338.87802	14.677129	0.011219541
2458338.89524	14.731694	0.014331935
2458342.9124	14.6884165	0.0112333475
2458343.88509	14.666841	0.011207025
2458344.86354	14.696321	0.011243063
2458344.89223	14.720269	0.014324232
2458345.90839	14.678575	0.011221304
2458346.84524	14.688937	0.011233986
2458347.84699	14.668207	0.011208683
2458348.86413	14.687335	0.011232021
2458349.87733	14.687035	0.011231653
2458350.9347	14.69003	0.011235328
2458351.91867	14.667859	0.0112082595
2458352.89088	14.698116	0.011245276
2458360.91099	14.660901	0.011199828
2458360.93075	14.671814	0.014292534
2458361.88995	14.683167	0.011226917
2458362.76316	14.683514	0.01122734
2458363.81068	14.672697	0.011214141
2458363.83184	14.725309	0.014327618
2458364.78509	14.680252	0.0112233525
2458365.80295	14.687593	0.011232339
2458366.9104	14.704679	0.01125338
2458367.81559	14.693524	0.011239622
2458368.87157	14.7012825	0.011249184
2458369.80579	14.726582	0.011280629
2458370.84408	14.731196	0.011286409
2458371.8465	14.722737	0.011275823
2458372.78534	14.730047	0.011284969
2458373.87363	14.747515	0.011306962
2458374.78618	14.719192	0.011271401
2458375.80499	14.745189	0.011304022
2458375.89902	14.748454	0.01130815
2458376.80648	14.759843	0.011322605
2458377.84876	14.749222	0.011309123
2458378.82853	14.696308	0.011243048
2458379.84579	14.732787	0.011288406
2458381.74831	14.767639	0.014356759
2458382.90748	14.737822	0.011294732
2458383.75126	14.767303	0.014356524
2458383.9302	14.687493	0.011232216
2458384.78562	14.752609	0.014346269
2458384.83856	14.704891	0.011253643
2458385.85094	14.726812	0.011280918
2458386.67955	14.734353	0.011290371
2458387.75302	14.798257	0.014378626
2458387.78667	14.701911	0.0112499595
2458388.82026	14.698444	0.011245681
2458389.70573	14.669078	0.011209741
2458389.86634	14.743605	0.014340062
2458390.87322	14.775063	0.014362
2458400.76656	14.731112	0.0112863025
2458425.65223	14.755832	0.011317505
2458426.71924	14.764238	0.011328208
2458428.68436	14.724397	0.011277896
2458429.72449	14.742327	0.011300409
2458430.66426	14.773539	0.011340105
2458430.83629	14.786912	0.014370444
2458431.72701	14.742053	0.011300064
2458434.6584	14.72393	0.011277313
2458435.69555	14.747166	0.01130652
2458436.73575	14.719246	0.011271468
2458437.72489	14.7326975	0.011288293
2458441.75188	14.703334	0.011251718
2458443.75031	14.761278	0.014352301
2458457.61719	14.720279	0.011272756
2458469.65809	14.671624	0.011212836
2458472.65883	14.63727	0.011171412
2458482.63897	14.720247	0.011272717
2458483.61261	14.723511	0.01127679
2458487.6631300002	14.7549305	0.01131636
2458488.64015	14.7531805	0.01131414
2458491.63871	14.756358	0.011318173
2458493.65966	14.721847	0.011274713
2458494.64154	14.7273445	0.011281583
2458503.68008	14.686548	0.011231057
2458505.67703	14.670475	0.011211439
2458507.65734	14.669232	0.011209928
2458509.66	14.656437	0.011194435
2458510.63589	14.67782	0.011220383
2458511.63653	14.664268	0.011203905
2458607.97587	14.725202	0.011278903
2458608.95349	14.725612	0.011279415
2458617.96934	14.708988	0.011258718
2458628.96719	14.704535	0.011253202
2458634.96773	14.651927	0.011188997
2458637.96855	14.653317	0.011190672
2458638.94808	14.615764	0.0111458395
2458639.94416	14.647925	0.011184183
2458640.95429	14.631505	0.011164529
2458641.95098	14.602035	0.011129659
2458642.92282	14.626994	0.01115916
2458643.95104	14.632073	0.011165207
2458644.95256	14.62431	0.0111559685
2458645.95267	14.613103	0.011142695
2458646.95374	14.61072	0.011139882
2458648.94787	14.650312	0.011187054
2458649.97786	14.675676	0.01121777
2458650.97334	14.65253	0.011189723
2458652.96636	14.659609	0.0111982655
2458653.88799	14.658187	0.011196548
2458657.97372	14.650116	0.011186817
2458663.96598	14.638619	0.011173025
2458665.97105	14.656874	0.011194961
2458666.97328	14.667151	0.011207402
2458667.95525	14.67715	0.011219566
2458668.95544	14.658912	0.0111974245
2458669.95524	14.661845	0.011200971
2458670.94488	14.637854	0.01117211
2458673.96215	14.702551	0.01125075
2458676.92633	14.668101	0.011208555
2458680.97351	14.726082	0.011280004
2458683.96861	14.731782	0.011287143
2458686.96989	14.705941	0.011254943
2458690.94692	14.696501	0.011243286
2458693.90734	14.636377	0.011170344
2458696.91058	14.662998	0.011202367
2458705.90779	14.633393	0.011166782
2458708.95108	14.608196	0.011136907
2458714.97163	14.63388	0.011167362
2458717.89304	14.652048	0.011189143
2458717.89395	14.598313	0.011125292
2458720.90781	14.630318	0.0111631155
2458720.90989	14.63721	0.011171339
2458722.91234	14.6454	0.011181151
2458723.90929	14.657192	0.011195346
2458723.91019	14.62722	0.011159428
2458725.92604	14.697799	0.014309338
2458726.90555	14.599583	0.011126781
2458726.93351	14.704607	0.014313816
2458727.8938	14.638376	0.011172734
2458730.81691	14.6811495	0.01122445
2458730.81807	14.696515	0.011243303
2458732.89372	14.699628	0.01124714
2458734.89101	14.674905	0.0112168295
2458734.99654	14.707504	0.01431573
2458734.99699	14.705454	0.014314374
2458735.9324	14.674645	0.011216513
2458736.67288	14.698889	0.0112462295
2458736.97156	14.714982	0.011266161
2458736.97252	14.706669	0.011255844
2458737.90199	14.710971	0.0143180275
2458737.90244	14.753483	0.014346875
2458737.96984	14.732507	0.011288053
2458738.7055	14.687056	0.011231679
2458738.74288	14.705421	0.011254299
2458738.75258	14.705382	0.011254251
2458738.93242	14.738248	0.011295269
2458739.70457	14.7056675	0.011254604
2458739.74234	14.742108	0.011300134
2458739.75204	14.753535	0.0113145895
2458739.99833	14.720927	0.011273566
2458740.70438	14.742999	0.011301257
2458740.74266	14.723747	0.011277085
2458740.75235	14.740372	0.011297944
2458741.70127	14.745243	0.011304091
2458741.74274	14.762313	0.011325752
2458741.75243	14.764466	0.011328498
2458741.98735	14.723188	0.011276388
2458742.70157	14.753891	0.011315041
2458743.70192	14.732585	0.011288152
2458743.74248	14.739264	0.011296549
2458743.75218	14.725133	0.011278817
2458743.89565	14.745703	0.011304672
2458744.70096	14.735999	0.01129244
2458744.7429	14.755577	0.011317181
2458744.7526	14.758234	0.011320558
2458745.70112	14.715555	0.011266873
2458745.74306	14.763049	0.01132669
2458745.75276	14.790163	0.011361516
2458747.7011	14.726241	0.011280202
2458747.7415	14.739062	0.011296295
2458747.75119	14.744971	0.011303747
2458748.74274	14.728221	0.011282681
2458748.75244	14.731307	0.011286548
2458748.76534	14.717978	0.011269889
2458749.70183	14.703308	0.011251686
2458749.74257	14.694717	0.01124109
2458749.75228	14.712456	0.011263021
2458750.70217	14.686288	0.011230737
2458750.74293	14.692697	0.011238604
2458750.75263	14.703533	0.011251965
2458751.69982	14.694248	0.011240512
2458751.74271	14.67428	0.011216069
2458754.69962	14.665307	0.011205164
2458754.74201	14.690632	0.011236066
2458754.75171	14.682442	0.011226029
2458757.91817	14.630479	0.011163307
2458758.74721	14.64968	0.011186293
2458758.75693	14.647184	0.011183293
2458758.84868	14.670804	0.011211839
2458760.70102	14.628559	0.011161021
2458760.74335	14.629958	0.011162687
2458760.75307	14.642811	0.011178045
2458760.84707	14.656487	0.011194495
2458761.70008	14.629391	0.011162011
2458761.74228	14.654617	0.01119224
2458761.75201	14.668644	0.011209214
2458761.7723	14.607748	0.011136378
2458762.6993	14.63021	0.011162987
2458762.74555	14.621669	0.011152835
2458762.75529	14.645748	0.011181568
2458763.70072	14.64188	0.011176929
2458763.74324	14.616464	0.011146668
2458763.75298	14.64562	0.011181415
2458764.6852	14.643006	0.011178278
2458764.73383	14.6550455	0.011192755
2458764.74066	14.632454	0.011165662
2458764.87237	14.656926	0.014283104
2458764.87282	14.669247	0.014290898
2458765.68589	14.650636	0.011187443
2458765.73245	14.64375	0.011179171
2458765.73928	14.630804	0.011163695
2458766.68446	14.646897	0.011182948
2458766.73355	14.662807	0.011202136
2458766.74036	14.631673	0.0111647295
2458766.76805	14.682567	0.014299435
2458767.68197	14.655848	0.011193723
2458767.8183399998	14.62687	0.014264496
2458767.81879	14.644145	0.0142751215
2458768.68256	14.665083	0.011204892
2458768.73213	14.663573	0.011203064
2458768.73894	14.632447	0.011165653
2458769.6825	14.63704	0.011171137
2458769.73353	14.668701	0.011209283
2458769.74034	14.648707	0.011185124
2458770.68254	14.63775	0.011171985
2458770.73249	14.675135	0.011217109
2458770.73932	14.636124	0.011170043
2458771.68276	14.647092	0.011183181
2458771.73355	14.655094	0.0111928135
2458771.74036	14.634421	0.011168009
2458772.68315	14.639494	0.011174072
2458774.68167	14.629135	0.011161707
2458775.68176	14.634101	0.011167627
2458776.68099	14.613633	0.011143322
2458777.68145	14.606853	0.011135325
2458778.68163	14.628086	0.011160458
2458779.68144	14.635517	0.011169317
2458781.68091	14.628414	0.01116085
2458782.67973	14.627162	0.011159359
2458783.68077	14.623942	0.011155533
2458783.68983	14.630291	0.014266586
2458785.68045	14.655782	0.011193643
2458786.68923	14.660231	0.011199018
2458787.67918	14.653767	0.011191214
2458788.68008	14.671336	0.011212485
2458789.68048	14.652998	0.011190288
2458790.76422	14.684422	0.011228452
2458791.66981	14.676405	0.011218658
2458791.67026	14.718808	0.014323252
2458793.6515	14.712838	0.011263495
2458793.66922	14.733386	0.011289158
2458793.66967	14.715344	0.014320938
2458793.67012	14.710013	0.014317392
2458794.66896	14.703159	0.011251503
2458794.66941	14.727095	0.014328824
2458794.66987	14.716328	0.0143215945
2458795.68279	14.7219305	0.011274817
2458795.68324	14.79214	0.014374203
2458795.68369	14.7487	0.014343568
2458796.69686	14.709906	0.011259855
2458796.70419	14.751466	0.011311965
2458798.65731	14.779924	0.014365452
2458798.65776	14.786441	0.014370108
2458798.65821	14.725627	0.011279434
2458800.68352	14.742615	0.011300772
2458806.68925	14.737247	0.01129401
2458811.68459	14.688137	0.011233006
2458833.61591	14.633786	0.011167251
2458836.61126	14.627586	0.011159864
2458849.61958	14.658322	0.014283981
2458849.62003	14.64425	0.01117977
2458849.62475	14.670905	0.014291953
2458850.65707	14.665557	0.011205467
2458853.59674	14.689817	0.011235067
2458856.59658	14.699777	0.011247325
2458859.60221	14.690456	0.011235851
2458862.61944	14.682381	0.011225956
2458872.65942	14.669429	0.011210167
2458875.6387	14.682259	0.011225805
2458881.6341	14.6741495	0.011215909
2458885.61169	14.680964	0.011224223
2458968.96902	14.6412945	0.011176228
2458979.94045	14.670145	0.011211038
2458981.96449	14.692281	0.0112380935
2458987.94543	14.665784	0.011205742
2458996.9537	14.697662	0.011244717
2458999.90993	14.694134	0.0112403715
2459010.97176	14.661165	0.011200148
2459019.84577	14.651831	0.011188882
2459022.89063	14.650491	0.011187269
2459025.84183	14.6598015	0.011198499
2459028.89325	14.634832	0.011168499
2459031.84516	14.675409	0.011217444
2459034.96832	14.669945	0.011210794
2459035.95553	14.669324	0.011210039
2459037.84706	14.655351	0.011193124
2459038.96994	14.675209	0.0112172
2459039.87071	14.656856	0.01119494
2459040.96749	14.671245	0.011212373
2459042.87389	14.646636	0.011182634
2459043.87368	14.652484	0.011189668
2459044.86755	14.648573	0.011184961
2459045.95138	14.658586	0.011197029
2459046.86935	14.653028	0.011190323
2459046.98969	14.657566	0.0111957975
2459046.99015	14.6901	0.014304314
2459047.94762	14.670666	0.01121167
2459048.94827	14.649365	0.011185914
2459049.94843	14.667147	0.011207395
2459050.9303	14.682147	0.011225669
2459051.94804	14.658565	0.011197004
2459052.94852	14.683736	0.011227612
2459053.88559	14.687459	0.011232174
2459053.91212	14.724051	0.014326773
2459053.92816	14.667481	0.011207802
2459054.95082	14.663602	0.011203098
2459055.90047	14.692138	0.0112379175
2459056.92566	14.670738	0.011211758
2459057.90966	14.669231	0.011209927
2459057.91435	14.6860695	0.01123047
2459059.90192	14.673743	0.011215415
2459060.86821	14.678236	0.011220891
2459060.86867	14.741912	0.014338899
2459061.97651	14.668623	0.011209188
2459062.92723	14.665128	0.011204947
2459065.76169	14.632093	0.011165232
2459066.83388	14.671169	0.011212283
2459067.85219	14.662845	0.011202182
2459068.94812	14.639576	0.01117417
2459069.00465	14.681892	0.011225357
2459071.9281	14.657602	0.011195841
2459071.93721	14.646244	0.011182164
2459072.88592	14.635539	0.011169343
2459073.8663	14.656439	0.011194437
2459075.86553	14.634662	0.0111682955
2459075.87693	14.653645	0.011191065
2459077.85825	14.6508875	0.011187745
2459078.87005	14.65886	0.011197361
2459079.8442700002	14.658687	0.011197152
2459080.88792	14.637578	0.0111717805
2459080.90814	14.657537	0.011195764
2459081.80729	14.653904	0.011191379
2459081.84479	14.636736	0.011170774
2459082.82235	14.670564	0.011211546
2459082.83834	14.67028	0.011211202
2459084.84589	14.662626	0.011201916
2459084.8564	14.671404	0.011212568
2459085.84356	14.676419	0.011218675
2459085.8445	14.678245	0.011220901
2459086.80126	14.672864	0.011214344
2459088.80587	14.628637	0.011161114
2459089.79354	14.66356	0.011203048
2459089.88757	14.667073	0.011207307
2459091.78406	14.65071	0.011187532
2459092.81182	14.644799	0.01118043
2459093.90922	14.670052	0.011210923
2459095.79182	14.632505	0.011165722
2459097.84304	14.604007	0.011131976
2459097.9136	14.611052	0.011140274
2459107.86459	14.610245	0.011139322
2459109.80658	14.61964	0.011150429
2459110.85676	14.605141	0.01113331
2459111.8497	14.630413	0.011163228
2459112.781	14.65784	0.011196128
2459114.8368	14.635882	0.011169753
2459115.72422	14.636109	0.011170024
2459115.76356	14.6439085	0.011179361
2459116.74149	14.626207	0.011158224
2459117.74547	14.612693	0.011142211
2459118.86999	14.627539	0.011159807
2459119.73092	14.610516	0.0111396415
2459120.74	14.612148	0.011141569
2459121.78939	14.630132	0.011162893
2459122.75178	14.6175165	0.011147914
2459123.70658	14.621603	0.011152756
2459125.74235	14.636107	0.011170022
2459127.74508	14.61797	0.011148453
2459129.80289	14.652746	0.011189984
2459131.77411	14.660127	0.011198893
2459134.72096	14.665521	0.011205424
2459136.72362	14.707967	0.011257451
2459138.7485	14.696018	0.011242691
2459140.70147	14.713534	0.01126436
2459149.74875	14.677102	0.011219509
2459151.7082	14.67369	0.01121535
2459153.70143	14.660902	0.01119983
2459155.69902	14.672528	0.011213935
2459157.6669	14.657816	0.011196099
2459164.76116	14.60891	0.011137749
2459169.74071	14.636106	0.011170019
2459171.68249	14.621046	0.011152097
2459178.6179	14.647627	0.011183824
2459180.65403	14.623264	0.011154728
2459182.63721	14.635684	0.011169517
2459184.66221	14.654529	0.011192133
2459186.63792	14.657527	0.011195751
2459188.6756	14.6769705	0.011219347
2459193.66287	14.715902	0.011267305
2459195.68056	14.704286	0.011252895
2459199.7003	14.709693	0.011259591
2459202.70309	14.70499	0.011253766
2459204.74526	14.650534	0.011187321
2459210.68153	14.648149	0.011184451
2459210.6834	14.674469	0.011216299
2459211.61995	14.670026	0.011210892
2459215.6376900002	14.617123	0.011147448
2459215.63863	14.637219	0.011171351
2459219.619	14.635486	0.011169279
2459219.61993	14.649265	0.011185794
2459223.63784	14.650563	0.011187355
2459227.6171	14.60045	0.011127798
2459231.61882	14.598322	0.011125302
2459233.63936	14.61498	0.011144914
2459356.95122	14.63632	0.011170276
2459359.96428	14.6377945	0.0111720385
2459367.95169	14.618537	0.011149123
2459369.9133	14.61513	0.011145092
2459373.94137	14.636746	0.011170786
2459375.92742	14.609311	0.011138221
2459377.95123	14.587008	0.011112073
2459379.9265	14.60479	0.011132897
2459387.89146	14.579575	0.011103422
2459391.93124	14.610643	0.011139793
2459392.9433	14.605442	0.011133664
2459393.84339	14.587208	0.011112306
2459394.88175	14.605317	0.011133518
2459395.89732	14.626785	0.0111589115
2459396.94272	14.591691	0.011117539
2459397.94795	14.60753	0.011136123
2459400.88322	14.604324	0.01113235
2459401.90633	14.5968685	0.011123599
2459402.94905	14.612965	0.011142532
2459403.90998	14.594315	0.011120608
2459404.88632	14.615304	0.0111452965
2459405.94933	14.607325	0.011135881
2459408.88874	14.603687	0.011131601
2459409.9053	14.622504	0.0111538265
2459411.82935	14.614718	0.011144605
2459414.90713	14.643644	0.011179043
2459418.95534	14.665321	0.0112051815
2459422.94729	14.679459	0.011222384
2459424.79771	14.66133	0.011200348
2459426.87053	14.652911	0.0111901825
2459428.8096	14.6550255	0.011192732
2459430.9144	14.637565	0.011171764
2459435.91216	14.612159	0.0111415805
2459438.89092	14.593622	0.011119798
2459443.84944	14.595344	0.011121812
2459448.84031	14.5953	0.011121761
2459450.92504	14.587537	0.01111269
2459453.889	14.602011	0.011129631
2459455.82727	14.583482	0.011107965
2459459.83081	14.591475	0.011117286
2459461.75025	14.591796	0.011117662
2459463.85311	14.582418	0.011106727
2459465.80946	14.582967	0.011107365
2459467.72289	14.59556	0.011122065
2459469.76464	14.622646	0.011153994
2459471.79132	14.612199	0.011141629
2459473.87153	14.621673	0.011152839
2459476.75656	14.625179	0.011157002
2459478.83103	14.628441	0.011160881
2459480.85353	14.648515	0.011184891
2459485.76928	14.611398	0.011140684
2459487.76849	14.596524	0.011123194
2459489.74915	14.58893	0.011114316
2459491.78433	14.585877	0.011110755
2459497.84715	14.573716	0.011096625
2459502.89101	14.57703	0.011100467
2459510.76252	14.592503	0.011118488
2459517.68317	14.583782	0.011108314
2459520.78867	14.546656	0.011065482
2459522.72813	14.574518	0.011097554
2459524.65896	14.574659	0.011097718
2459526.72647	14.581802	0.0111060105
2459529.7606	14.566617	0.011088415
2459531.84128	14.585054	0.011109796
2459537.74444	14.61413	0.011143909
2459540.80059	14.605298	0.011133496
2459550.73779	14.608419	0.011137172
2459737.92518	14.59954	0.011126731
2459739.87306	14.600107	0.011127396
2459742.95051	14.614608	0.011144473
2459744.95063	14.642757	0.01117798
2459749.92399	14.623593	0.011155118
2459751.94746	14.616855	0.011147131
2459755.90267	14.655565	0.011193383
2459757.87133	14.652219	0.011189348
2459757.92828	14.630755	0.011163636
2459759.94809	14.6288595	0.0111613795
2459762.8592	14.645619	0.011181414
2459764.93339	14.655383	0.011193163
2459766.93236	14.649486	0.011186059
2459769.9263	14.658633	0.011197086
2459769.95124	14.648785	0.011185216
2459771.8934	14.660417	0.011199242
2459771.94743	14.6439705	0.011179435
2459780.90321	14.665316	0.011205175
2459780.95404	14.676025	0.011218195
2459782.83173	14.664785	0.011204532
2459784.89608	14.703012	0.011251321
2459786.95239	14.634334	0.011167903
2459788.95067	14.621546	0.011152689
2459790.86539	14.641701	0.011176714
2459798.88851	14.627965	0.011160314
2459801.83518	14.639674	0.011174287
2459806.95148	14.639108	0.01117361
2459812.8063	14.656374	0.011194359
2459814.82836	14.654232	0.011191774
2459816.78173	14.665972	0.01120597
2459818.84118	14.644776	0.011180402
2459820.77911	14.659272	0.0111978585
2459822.83394	14.651183	0.011188101
2459824.84652	14.664533	0.011204226
2459826.83263	14.644206	0.011179718
2459829.88815	14.67014	0.011211031
2459840.8052	14.663557	0.011203044
2459840.88061	14.663633	0.011203135
2459842.81229	14.661826	0.011200948
2459844.76608	14.655483	0.011193284
2459847.79992	14.64665	0.011182651
2459849.76945	14.647736	0.011183955
2459851.76396	14.631898	0.011164999
2459854.76633	14.630031	0.011162773
2459856.76357	14.641296	0.01117623
2459858.88662	14.6268215	0.011158953
2459860.75092	14.640212	0.01117493
2459862.68701	14.634631	0.01116826
2459864.64047	14.662872	0.011202214
2459866.7244	14.642902	0.011178154
2459869.64246	14.629386	0.011162005
2459871.72723	14.619761	0.011150572
2459873.70669	14.637133	0.011171248
2459877.73923	14.620218	0.0111511145
2459879.81204	14.631891	0.01116499
2459881.83161	14.629023	0.011161573
2459896.68683	14.70191	0.011249959
2459898.71013	14.718275	0.011270259
2459902.78521	14.68227	0.01122582
2459904.66436	14.693229	0.011239259
2459906.68278	14.684289	0.01122829
2459908.61783	14.69533	0.011241843
2459910.63711	14.692898	0.011238852
2459913.62103	14.700054	0.011247666
2459922.72871	14.645218	0.011180931
2459930.72435	14.639646	0.011174253
2459935.69437	14.652589	0.011189795
2459937.76416	14.635244	0.011168991
2459969.67841	14.653539	0.011190939
