JD	mag	mag_err
2458244.98368	15.484246	0.0112037575
2458246.9476	15.473005	0.0111873355
2458247.96608	15.582805	0.01135547
2458249.95004	16.81787	0.01509138
2458249.96573	16.802063	0.015011848
2458254.987	15.495376	0.011220192
2458255.96475	15.578227	0.011348107
2458256.9237	15.497447	0.01122327
2458256.96596	15.489311	0.011211216
2458257.9218	16.549938	0.013887394
2458257.96841	16.49767	0.013685138
2458258.95367	15.507454	0.011238223
2458263.8774	15.54028	0.011288281
2458266.88243	15.47597	0.011191649
2458268.95151	15.496602	0.011222013
2458269.92504	16.863634	0.015328251
2458270.92589	15.497202	0.0112229055
2458271.9478	15.56651	0.011329406
2458272.96346	15.4782	0.0111949025
2458273.92495	16.737665	0.01469946
2458274.97122	15.5116005	0.011244462
2458276.96657	15.51424	0.011248445
2458277.93096	16.49103	0.0136601385
2458278.96926	15.501286	0.011228989
2458279.92931	15.581439	0.011353272
2458280.87018	15.481427	0.011199623
2458281.9696	15.740372	0.0116292285
2458282.96869	15.502616	0.011230977
2458283.8867	15.573812	0.011341036
2458285.90714	16.681297	0.014440761
2458286.97551	15.492216	0.011215509
2458287.96535	15.511704	0.011244617
2458288.9729	15.482136	0.011200661
2458289.97703	15.553658	0.011309128
2458290.97597	15.50636	0.011236583
2458291.97152	15.495285	0.011220057
2458292.97054	15.48213	0.011200652
2458293.97261	15.538199	0.011285062
2458294.97223	15.497758	0.011223733
2458296.86503	15.47905	0.011196144
2458298.94623	15.513818	0.011247807
2458299.91434	15.542293	0.0112914
2458300.92831	15.4843645	0.0112039335
2458301.94975	15.608587	0.011397538
2458302.90662	15.507255	0.011237924
2458303.97814	15.497021	0.011222635
2458304.88319	15.491161	0.011213949
2458305.90361	16.02281	0.012233386
2458307.91064	15.540651	0.011288854
2458310.92579	15.522306	0.011260681
2458312.928	15.491778	0.011214862
2458316.94856	15.495015	0.011219657
2458319.95782	15.494725	0.011219228
2458320.88771	15.445368	0.011147686
2458321.9677	15.526578	0.011267197
2458322.90516	15.51811	0.011254305
2458323.97757	15.497922	0.0112239765
2458324.97414	15.50496	0.011234483
2458325.97389	15.505784	0.01123572
2458326.89591	15.519956	0.011217688
2458326.89638	15.518126	0.011215591
2458326.91436	15.511925	0.011244952
2458327.87055	15.553911	0.011257489
2458327.87101	15.544688	0.011246507
2458327.90369	15.513478	0.011247294
2458328.8691600002	15.4862995	0.011179924
2458328.86961	15.497276	0.011192059
2458328.90671	15.488849	0.011210533
2458329.86359	15.986438	0.012146366
2458330.88834	15.5042925	0.0111999065
2458330.8888	15.511628	0.01120819
2458330.90272	15.495994	0.01122111
2458331.88689	15.5366955	0.011237092
2458331.88735	15.526142	0.01122481
2458332.88092	15.500336	0.0111954715
2458332.88137	15.502794	0.011198226
2458333.83881	16.269419	0.0129077565
2458334.86246	15.494239	0.011218506
2458334.90278	15.516691	0.011213952
2458334.90324	15.528004	0.011226964
2458335.85794	15.517662	0.011253625
2458335.88132	15.505425	0.011201181
2458335.88178	15.518953	0.01121654
2458336.84659	15.489378	0.011211313
2458336.87283	15.496542	0.011191241
2458336.87328	15.51144	0.0112079745
2458337.8457	16.00468	0.0121896425
2458338.84405	15.5126095	0.011245984
2458342.84343	15.521721	0.011259789
2458343.86407	15.513323	0.011247059
2458345.85412	15.714963	0.011471242
2458345.86113	15.64089	0.011451705
2458347.90943	15.483369	0.0112024695
2458349.82672	15.978771	0.012128398
2458351.88323	15.504708	0.011234106
2458352.82473	15.476959	0.011193092
2458353.81497	16.046303	0.01206382
2458354.78967	15.517357	0.011214714
2458354.8193	15.517658	0.011253618
2458355.81026	15.55426	0.011257906
2458355.84069	15.461878	0.011171246
2458356.80536	15.496734	0.011191456
2458357.72231	16.18129	0.012648866
2458357.82539	15.786494	0.011580528
2458359.85241	15.518621	0.011216158
2458360.81293	15.4866905	0.011180353
2458360.83855	15.468363	0.011180601
2458361.80337	15.982794	0.012137809
2458361.82474	15.716574	0.011473601
2458362.82243	15.509425	0.011241186
2458362.85529	15.524282	0.011222662
2458363.7842	15.545404	0.011296235
2458364.80861	15.470867	0.0111842295
2458364.85722	15.490686	0.011184753
2458365.84634	15.530531	0.011273252
2458365.87686	15.535122	0.011235251
2458366.83644	15.493719	0.011217737
2458367.83658	15.504045	0.011233112
2458368.8043	15.490156	0.0112124635
2458368.82376	15.488257	0.011182074
2458370.80163	15.499443	0.011226241
2458371.81125	15.5094185	0.011241175
2458373.8064	15.673546	0.01150816
2458377.79314	15.751743	0.011650595
2458378.76853	15.511344	0.011207867
2458378.78732	15.494775	0.011219299
2458379.77144	15.552131	0.011255359
2458379.80472	15.5000515	0.011227149
2458380.79307	15.495009	0.011189539
2458387.9292	15.5046015	0.011233947
2458388.75755	15.481826	0.011200206
2458390.69511	15.4829445	0.011201846
2458400.71765	15.484793	0.011204562
2458431.67996	15.548427	0.011300945
2458435.76428	15.484827	0.0112046115
2458437.76142	15.524287	0.011263698
2458439.7132	15.498728	0.011225176
2458439.71365	15.491643	0.0112146605
2458439.72276	15.486378	0.011206892
2458439.72321	15.465551	0.011176539
2458439.73253	15.498066	0.01122419
2458439.74079	15.516556	0.011213798
2458441.71378	15.528314	0.011269853
2458441.71424	15.51447	0.011248793
2458441.72355	15.520058	0.01125726
2458441.724	15.523527	0.011262541
2458441.7331	15.524117	0.01126344
2458441.78624	15.528879	0.011270719
2458442.76622	15.5401325	0.0112880515
2458443.59517	15.614841	0.011333367
2458447.84786	15.479447	0.011196726
2458449.72244	15.529422	0.011271549
2458449.72635	15.525521	0.0112655815
2458449.73218	15.524372	0.011263828
2458449.73797	15.507631	0.011238489
2458449.74514	15.536719	0.011282775
2458450.73973	15.518435	0.011254797
2458450.7402	15.508802	0.011240251
2458451.71674	15.486478	0.0112070395
2458451.71783	15.493129	0.011216861
2458451.73231	15.509772	0.011241707
2458451.74133	15.495856	0.011220907
2458451.74178	15.510946	0.011243476
2458456.63612	15.487764	0.011208936
2458457.65991	15.631827	0.01143634
2458471.64013	15.507324	0.011238029
2458472.60489	15.477156	0.011193378
2458475.6602	15.516643	0.011252079
2458476.64014	15.490763	0.01121336
2458476.6411	15.499783	0.011226746
2458476.64206	15.502545	0.011230871
2458476.6430099998	15.486516	0.011207095
2458476.64397	15.491733	0.011214793
2458476.64491	15.483972	0.011203354
2458476.64588	15.500625	0.011228004
2458476.64682	15.500897	0.01122841
2458476.64779	15.479012	0.011196088
2458476.64875	15.48674	0.011207425
2458476.64969	15.476405	0.011192284
2458476.65066	15.504224	0.011233382
2458476.6516	15.480479	0.011198234
2458476.65257	15.465677	0.011176721
2458476.65353	15.466701	0.011178198
2458476.65447	15.478694	0.011195624
2458476.65544	15.503683	0.011232572
2458476.65638	15.481562	0.011199819
2458476.65734	15.478631	0.011195533
2458476.65831	15.519791	0.011256853
2458476.65925	15.499552	0.011226404
2458476.66021	15.464852	0.011175531
2458476.66116	15.484219	0.011203717
2458476.66212	15.4926605	0.011216167
2458476.66307	15.496536	0.0112219155
2458476.66403	15.501746	0.011229676
2458476.66499	15.492771	0.011216331
2458476.66594	15.507905	0.011238902
2458476.6669	15.506599	0.011236942
2458476.66785	15.526013	0.011266333
2458476.68506	15.531448	0.011274659
2458476.68793	15.498373	0.011224648
2458476.69079	15.49728	0.011223022
2458476.69175	15.517832	0.011253882
2458476.69558	15.4995365	0.011226381
2458476.69653	15.4794445	0.01119672
2458476.69749	15.48531	0.01120532
2458476.69844	15.4731865	0.011187597
2458476.6994	15.498525	0.011224873
2458476.70036	15.48391	0.011203264
2458476.70131	15.510022	0.011242085
2458476.70227	15.494923	0.011219519
2458476.70322	15.491849	0.011214966
2458476.70418	15.488587	0.011210147
2458476.70513	15.497864	0.011223891
2458476.70609	15.497335	0.011223104
2458476.70705	15.4847975	0.01120457
2458476.708	15.508767	0.011240196
2458476.70896	15.497	0.011222605
2458476.70991	15.497452	0.011223277
2458476.71087	15.492072	0.011215296
2458476.71182	15.47543	0.0111908605
2458476.71278	15.48964	0.011211702
2458476.71374	15.484647	0.011204347
2458476.71469	15.492142	0.0112154
2458476.71565	15.504766	0.011234193
2458476.7166	15.477194	0.011193434
2458476.71756	15.479802	0.011197244
2458476.71852	15.497754	0.011223728
2458476.71947	15.494338	0.011218653
2458476.72043	15.47342	0.011187938
2458476.72138	15.499559	0.011226416
2458476.72234	15.482314	0.0112009235
2458476.72329	15.495517	0.011220403
2458476.72425	15.487602	0.011208697
2458476.72521	15.50804	0.011239103
2458476.72616	15.477409	0.011193748
2458476.72712	15.486266	0.011206728
2458476.72807	15.493137	0.011216874
2458476.72903	15.483016	0.011201952
2458476.72998	15.508923	0.011240429
2458476.73094	15.497913	0.011223964
2458476.7319	15.491949	0.011215114
2458476.73285	15.473431	0.011187954
2458476.73381	15.493905	0.011218011
2458476.73476	15.491705	0.011214753
2458476.73572	15.474353	0.011189293
2458476.73668	15.489058	0.01121084
2458476.73763	15.505213	0.011234862
2458476.73859	15.489009	0.011210771
2458476.73954	15.521342	0.011259213
2458476.7405	15.501605	0.011229467
2458476.74146	15.499621	0.011226507
2458476.74241	15.479777	0.011197208
2458476.74337	15.493317	0.011217138
2458476.74432	15.510747	0.011243176
2458476.74528	15.482489	0.011201179
2458476.74623	15.480763	0.011198651
2458476.74719	15.482542	0.011201257
2458476.74815	15.490641	0.011213179
2458476.7491	15.487305	0.011208257
2458476.75006	15.488059	0.01120937
2458476.75101	15.482053	0.01120054
2458476.75197	15.502349	0.011230578
2458476.75293	15.474692	0.011189789
2458476.75388	15.48477	0.011204529
2458476.75484	15.484481	0.011204102
2458476.7558	15.51162	0.011244491
2458476.75675	15.512508	0.01124583
2458476.75771	15.500458	0.011227755
2458480.70764	15.503445	0.011232215
2458480.7086	15.487223	0.011208137
2458480.70955	15.472316	0.0111863315
2458480.71051	15.505684	0.011235569
2458480.71146	15.466247	0.011177544
2458480.71242	15.486307	0.011206788
2458480.71337	15.512771	0.011246225
2458480.71433	15.470121	0.011183148
2458480.71529	15.453305	0.011158966
2458480.71624	15.497043	0.011222669
2458480.7172	15.4561205	0.01116299
2458480.71815	15.506625	0.011236979
2458480.72007	15.449843	0.011154037
2458480.72102	15.441846	0.011142707
2458480.72198	15.510793	0.011243245
2458480.72293	15.497597	0.011223493
2458480.72389	15.527004	0.011267848
2458480.72484	15.516985	0.011252599
2458480.7258	15.534598	0.011279505
2458480.72676	15.501316	0.011229036
2458480.72771	15.464171	0.011174548
2458480.72867	15.486578	0.011207186
2458480.72962	15.495101	0.011219785
2458480.73058	15.496314	0.011221586
2458480.73153	15.539704	0.011287388
2458480.73249	15.514204	0.011248391
2458480.73345	15.485539	0.011205658
2458480.7344	15.504213	0.011233365
2458480.73536	15.493394	0.011217253
2458480.7363	15.490442	0.011212886
2458480.73727	15.501559	0.011229398
2458480.73823	15.504498	0.011233791
2458480.73918	15.487466	0.011208494
2458480.74014	15.487671	0.011208796
2458480.74108	15.502068	0.011230157
2458480.74205	15.50333	0.011232044
2458480.74301	15.494902	0.011219488
2458480.74395	15.47601	0.011191708
2458480.74492	15.50086	0.011228354
2458480.74586	15.496101	0.01122127
2458480.74683	15.470894	0.011184269
2458480.74779	15.484497	0.011204128
2458480.74873	15.490119	0.011212409
2458480.7497	15.485759	0.0112059815
2458480.75064	15.449948	0.011154186
2458480.7516	15.50927	0.011240953
2458480.75257	15.521084	0.01125882
2458480.75351	15.4838705	0.011203206
2458480.75448	15.491861	0.011214984
2458480.75544	15.505543	0.011235356
2458480.75638	15.459325	0.011167579
2458480.75831	15.46882	0.011181263
2458480.75925	15.485122	0.011205045
2458480.76022	15.513173	0.011246833
2458480.76116	15.489064	0.011210851
2458480.76213	15.53946	0.01128701
2458486.60463	15.50336	0.011232088
2458490.63565	15.515257	0.011249982
2458494.59076	15.540649	0.011288852
2458511.61752	15.500333	0.011227568
2458655.9098	16.38795	0.012953197
2458655.91024	16.392357	0.012966922
2458681.91546	15.522998	0.011221183
2458681.91592	15.512123	0.011208751
2458682.9157600002	15.487391	0.0111811245
2458682.91622	15.488855	0.011182734
2458683.91095	15.6349945	0.011359767
2458683.9114	15.627663	0.011350086
2458685.93247	15.513099	0.01120986
2458685.93292	15.506193	0.011202046
2458706.85332	15.493699	0.011188084
2458706.85377	15.496436	0.011191124
2458710.86696	15.49059	0.011184646
2458710.86741	15.488852	0.01118273
2458711.83385	15.91937	0.011809717
2458711.8343	15.91058	0.011793441
2458712.8617	15.496871	0.011191608
2458712.86216	15.4987955	0.011193752
2458713.8723	15.510684	0.011207118
2458713.87275	15.499184	0.011194185
2458714.8906	15.5042305	0.011199836
2458714.89105	15.512344	0.011209004
2458715.88723	15.527298	0.011226148
2458715.88768	15.542569	0.011244001
2458716.93176	15.516187	0.011213376
2458716.93221	15.513273	0.011210058
2458719.95109	15.518107	0.011215569
2458719.95154	15.5157385	0.011212865
2458739.86204	15.536331	0.011236666
2458739.86248	15.512632	0.011209328
2458740.90323	15.504093	0.011199682
2458740.90368	15.524266	0.011222645
2458741.86273	15.504746	0.011200417
2458741.86318	15.488832	0.011182709
2458745.91404	15.500829	0.011196024
2458745.91449	15.4990425	0.011194026
2458748.90743	15.51587	0.011213015
2458748.90789	15.512467	0.011209142
2458759.82336	15.521055	0.011218949
2458763.78144	15.527377	0.011226239
2458763.78189	15.552701	0.01125604
2458765.70768	15.552041	0.011255252
2458765.70813	15.554854	0.011258621
2458770.80701	15.490499	0.011184544
2458770.80746	15.486917	0.0111806
2458771.79054	15.540814	0.011241931
2458771.79099	15.524648	0.011223084
